0.007531759010802203 0.6166361859132389 1.1719330916892343 1.6125303138011093 1.8952874597846718 1.9925239730578346 1.894721173372575 1.611453176238046 1.1704505532812866 0.6148934504342525 
0.6342475643383741 0.01623014747175965 0.6054386568874045 1.1667203252967508 1.6138061787186062 1.9029249070896326 2.005774104231155 1.9122858592892493 1.6316117361157623 1.1912274310226816 
1.1821545072021722 0.6203132458873092 0.01473141410206788 0.6250343979658987 1.186171349461493 1.6312618444812033 1.9166940186517456 2.014519165855014 1.915159650138347 1.6283433341514095 
1.6061538993452218 1.1670891277834037 0.6138507217152431 0.014916450990333325 0.6133278631455175 1.1666442626195257 1.6058306734194272 1.8878496961714384 1.9850860644754853 1.888019628122089 
1.9076751276933601 1.6209090245313313 1.175483049389155 0.6150112049951466 0.009610604102163982 0.625907519439861 1.184752526861254 1.6276437621021411 1.9112157998095496 2.0077082088789773 
1.998190940376036 1.9086520908461764 1.632281231149803 1.1961315704545388 0.6428969856763606 0.026778018096107428 0.5920568322066229 1.1528842434911262 1.600860194587891 1.892133072028041 
1.9307281361591468 2.0311371945040184 1.9327723273855784 1.6452704904078375 1.196813583414195 0.631496478732825 0.031315100365085155 0.6252120191591519 1.1914629460464492 1.6413824005891506 
1.6215380997545499 1.9073948882604062 2.006545101278405 1.9092828444822454 1.6251291978157267 1.1819008567043237 0.622992924736777 0.007224996169371074 0.617182682679769 1.1769581702171166 
1.1747224496681394 1.617068727854942 1.9011251360879449 1.9990862193903611 1.901362857021046 1.6175208999199664 1.1753448110345368 0.6181180408035384 9.914009095242742E-4 0.6173864117171493 
0.598794008017765 1.1510730451925955 1.590868437417169 1.8749996603895385 1.9756284614458877 1.8828990695384287 1.605893525342731 1.1717511616962515 0.623088632255296 0.02748367572970102 
1.0127764569746331 1.0088154901824027 1.0014999442550423 0.9935863783511676 0.988116655920227 0.9872306270309084 0.9912778467805935 0.9986682754584116 1.0065418876057477 1.011912020406398 
1.349870291084281 1.4901406076059873 1.501032555100292 1.3811026636002754 1.1469893986239141 0.8388023790648461 0.5524673777160655 0.522149885000366 0.786317153871789 1.1000702492664542 
0.584834671965899 0.53572099192316 0.7713477539307286 1.0716037917872279 1.3174616793817018 1.4603881423375529 1.4791105903976403 1.3710535227771414 1.1517076162120425 0.859685897973403 
1.4970468709563372 1.3422327687278393 1.0781272932055235 0.7534073026913347 0.494519983218631 0.562622025665313 0.8695424498879275 1.181242742728704 1.4106985198316713 1.5209019902023093 
0.8684938055850477 1.1698768974065465 1.3930398020046582 1.5005534391217794 1.477526395640259 1.3270360252886158 1.0708380585634032 0.7581201836016693 0.5134641945581077 0.5763868951838783 
1.1396173351510595 0.8196828174433735 0.5271188742794196 0.516870604464361 0.8024146999999352 1.1243241087112996 1.3751190678607996 1.511614390109018 1.5151492171554946 1.3852664080350303 
0.41209144861700225 0.8068873976038947 1.1990530613787498 1.4930922688394994 1.6503009534323483 1.6527185884068896 1.500076938719123 1.2097809101185093 0.8197399412134545 0.4216691328390104 
1.661475656107965 1.6868052331765313 1.5525715703166771 1.273614030735527 0.8839067383014003 0.45741816083706455 0.3527333766901328 0.7478330353410191 1.1608789904277532 1.4793382330245965 
0.8236143071669886 0.35886920866176125 0.3657350122039782 0.8314837463693302 1.260401139632211 1.5756846550126737 1.7413602585585353 1.7399311940018556 1.5715461935737651 1.253998256069916 
1.5519670379688808 1.2509060782804395 0.8400771233600737 0.3995185606710806 0.3674502858761995 0.8008358536613439 1.2186770428511589 1.5310813754528065 1.7000954888272313 1.7073136908198487 
1.2809025042734574 1.551332714923672 1.6776201605403198 1.6456862412873827 1.4590377644789496 1.1389818407674661 0.7289428418330269 0.35154154235414564 0.4792782639443049 0.8995552572667946 
0.3299218624559344 0.3322518605583791 0.8463264102832033 1.3019428789917324 1.6348971177042035 1.810046760104156 1.809620515535078 1.6336613224126635 1.300024018598374 0.8439366822294393 
2.0343423328431176 1.8333547831225432 1.453168084789437 0.9313084743125367 0.32157072114283836 0.33422848418727746 0.9429038371124572 1.462381593220149 1.8392721203001359 2.036381515861745 
0.8533004741078176 1.3234285861770405 1.6667877156213 1.8482706764380483 1.8497480515283222 1.6710728748584769 1.3300913613319354 0.8616408551446072 0.32326731789594937 0.31470366707043207 
1.6991635421834497 1.8834062649625363 1.8837619312602707 1.7001954382955309 1.3508623303159268 0.8707269760075655 0.31321406566844323 0.31106783209978933 0.8687103553151384 1.3492565265234446 
1.3662717539936018 1.3550142057858603 1.2408421774052631 1.0444045224324352 0.8128996124010759 0.6434283761091402 0.6668096303006675 0.8608189540869573 1.0908335228007413 1.2727500937345788 
1.4502442579170343 0.9273980805945351 0.31719036126413497 0.3390028408112786 0.9473856902395416 1.4661264946733927 1.8419196796044588 2.0376765152314404 2.034161345598353 1.831719317999886 
2.0609281847315755 2.0600138640953913 1.8578226575738577 1.4742943661900132 0.9475818678959754 0.33444854978209165 0.34003484351916846 0.9527726843678609 1.4784238015172504 1.860475589387591 
0.7346928916788984 0.8624156098872914 1.0374674402044308 1.1876338521985816 1.2722180319691072 1.273208059845776 1.1904082176138058 1.041390281909435 0.8662322101213419 0.7364059260166219 
0.335561651053854 0.9372967938065667 1.4480787700291475 1.8172595171743013 2.0086227440379947 2.003417495413376 1.8021537123415203 1.424552967908622 0.9076624536829858 0.30284972299751167 
1.0495567243988295 1.204200527678098 1.2887024460191152 1.2857182764031831 1.1958201551820185 1.037645507524815 0.8533338187116583 0.719391077677212 0.724710998081345 0.8650385387239604 
0.8483619829809729 0.597502264206159 0.5662074886160084 0.7901736513263677 1.0734637530900946 1.3049069096796846 1.4371816660971244 1.4497962535930162 1.3409420933980518 1.1270207042902636 
1.1901189355942177 1.0308979993614868 0.8478402041322172 0.7183278657493946 0.7291869950784894 0.8717713211214473 1.055280830917643 1.207284268698465 1.288554769684885 1.282440892750286 
1.410621123385182 1.7660752082493727 1.948722814514415 1.9406662025378363 1.7426946851426588 1.3742084262862015 0.871366232661908 0.28421848076345885 0.33483644207858493 0.9172327877872662 
1.6512010077377872 1.5697558372825005 1.3433396385013168 0.9998414087410528 0.5974395447267857 0.3490316508099578 0.6198019623548507 1.0216293245852721 1.3596341488018442 1.5784023098114304 
1.1669862929066126 0.7038458839491009 0.2462953460690068 0.47296840704227516 0.9603318758466026 1.3745756223402674 1.6600952144416177 1.7862401159611212 1.7400046078398599 1.5261316580154536 
1.0916735448317492 1.4376464845312296 1.6515056712272476 1.7091923364383166 1.6044871505519993 1.348747348616871 0.9716188164097859 0.5323528498944988 0.2992191436841655 0.6606750506868577 
1.7394087056668595 1.5088284397526999 1.1343795069737965 0.6590545831823418 0.21162168610376858 0.5166347303968798 1.007914098222338 1.4162052196485515 1.6905919514738812 1.8021293937929412 
0.7899113606520535 0.7378249515790081 0.8156316571202719 0.9697422340109353 1.1245997607439011 1.2305884293365543 1.2625063092640847 1.2136938823308887 1.094489762254388 0.9346567381873129 
1.745562254161416 1.3802361015962914 0.8799864437568535 0.29468720711143576 0.324129835121322 0.9066838882469286 1.4014319677422533 1.7591722812629291 1.9447937439030687 1.9401038906058299 
0.614052871708304 1.0635565602956212 1.4294655043465454 1.6629135463875369 1.7381418356551366 1.6471825119827554 1.3996851789195963 1.0231810831511265 0.570078673759913 0.2629336725876465 
1.3789760226313785 0.9987368468443398 0.5472650113307431 0.27248706961110025 0.6385637668379578 1.0828902253612127 1.4410936201130513 1.665751217483654 1.732044141490011 1.6329306252431033 
1.8508958009974055 1.8217731450314822 1.6154323462475844 1.2526021027171836 0.7710421465620998 0.24151964915332208 0.40655825550475866 0.9351605967821759 1.3838840194703679 1.6998944129862537 
1.8152822800402137 1.678645158534818 1.3799606194282872 0.9505383676835117 0.4447522997086406 0.23810938945033153 0.7308189032174945 1.2031851588178375 1.5647436368728174 1.7759902109742278 
1.6948661043424944 1.7885219716781933 1.7096112868593296 1.4662499006322782 1.0841492274993654 0.609485424253963 0.21267992583100956 0.5668093523137416 1.0460185576379464 1.4382851061384405 
0.20992061382594285 0.4296191313238997 1.0222849847099873 1.5155425372406688 1.8606005298405488 2.02360691512733 1.9885871902083414 1.7589727175532626 1.3572702121811724 0.8229321232138639 
0.5887119601884636 0.2535672433184473 0.5935010890362132 1.0490173104608718 1.4223547658368811 1.663666940279727 1.746445851827229 1.6619644754210243 1.4191307700850162 1.0446417473707257 
0.9750100110081602 0.3990840110666111 0.21970069935105052 0.8124307130903723 1.3269952857788216 1.7118384474570476 1.9291882603492256 1.9577453855041893 1.7947121574742166 1.4560628088372671 
0.6272987908721783 0.9220067896180174 1.2069910297400974 1.4078159314773189 1.4916012239410519 1.4466590660050347 1.2791519480431297 1.0146422425718316 0.7101975284122762 0.5113237868726748 
0.3820700345907846 0.6001009911138444 0.982282058812526 1.315010069398952 1.5366446708299886 1.6184998986498735 1.5509346323188595 1.3418797972236112 1.017972470473155 0.6358007462024958 
1.2430932784034001 1.1729566915271383 1.042459065807511 0.8879134333330069 0.7712247713590545 0.7614871449426484 0.8656305046186445 1.0190302580592743 1.156180481426413 1.2370755525701709 
1.1665884729557816 1.2224783052783184 1.2077078933683354 1.1255908336709104 0.9964077423004292 0.8607475187497756 0.7793341705526897 0.8020327926980387 0.9137068629616515 1.0530843116061313 
0.8307874943608016 0.21708814168623453 0.4260317867174586 1.0207880926688975 1.5165616522212242 1.8640979948915781 2.029271281540326 1.9958872994363763 1.7672183977116398 1.3656902834673506 
1.0320308127811995 1.5215004777904335 1.862148305370786 2.020573913750016 1.98125608031963 1.7480464075190507 1.3437969107917924 0.8081816195477303 0.19502538409915735 0.442016046729729 
1.0137438786044595 0.843557483369729 0.7315710742643841 0.7522458411086052 0.8898899625614699 1.0615796481260764 1.201265488130924 1.2725689623840242 1.2604579307768684 1.1673576381108934 
1.440966882108672 1.6563567226574272 1.7148770051818136 1.610244028484531 1.3537570851402183 0.974936656581478 0.532324569212999 0.29340057392396585 0.6587876808275688 1.0928077571617605 
0.23552049340954895 0.7771630596573756 1.2642681280649495 1.6305890319899488 1.8385504896998224 1.8673905545880405 1.7142447214107133 1.3943613185038 0.9401046723288786 0.40292615080812305 
0.9828622797330026 0.5534571595391078 0.3100094932879888 0.6447356879317477 1.0691031161869633 1.4142825422753456 1.6309195390520257 1.6941391573238882 1.5970376523469776 1.350271045851941 
1.4199424881440739 0.9545994979631323 0.4002431804276154 0.22343098757006585 0.7890254894517152 1.2881712258731164 1.662636934298275 1.8749472454779672 1.9041271939126587 1.747300933954913 
1.3507597923098218 1.0445130896367831 0.6770054307479211 0.4101185236713451 0.5756851906808045 0.9410855459636671 1.2724725643093557 1.5006190949339635 1.5943640794637348 1.542329595959765 
1.4746459414133999 1.5492227809325323 1.485286899846994 1.2909861637762494 0.9939014924428402 0.6549369096007016 0.45103412634079076 0.6304330521373667 0.9679244459267535 1.2710951307452265 
1.1520170186452008 1.3794442580488069 1.4934572129640404 1.4780646032078797 1.3353347741514852 1.0858762169941065 0.7767907754458632 0.5252198805522208 0.5670938181866751 0.8503830965061631 
1.4644393083695821 1.7428972888225647 1.85217072115752 1.7813099539980575 1.5374077315704124 1.145158544269772 0.6467454058800857 0.15948103052988785 0.5318885477235634 1.0451545561875342 
0.8013250110548966 1.2090198083690893 1.514431740127104 1.6792069387451896 1.6850588508700979 1.5313542195797203 1.235086483667405 0.8328649492338699 0.409184036879194 0.3843750619786484 
0.1710690485060572 0.5956622319694644 1.0905904871824121 1.488021512457654 1.74293664900487 1.829112662863539 1.7378447163684305 1.47835386226429 1.0773623955140401 0.5805941701052368 
0.4594349850902343 0.16310959109576423 0.7695394087350005 1.300693777771825 1.7045321937312727 1.941521110667212 1.9884617144878303 1.840759035586976 1.5128715825069114 1.0368966820397116 
1.5156402074931667 1.6704130786593607 1.6676221463400032 1.5075725623514993 1.208232116051895 0.8078566758980631 0.39939678767705994 0.41089417664328 0.8228138407974988 1.2206444204205242 
1.8302612951024122 1.8558067643228806 1.7006534759407885 1.3803022904904947 0.9273893764736508 0.3948375497867112 0.24846398645472492 0.7832821036140473 1.2651160760729532 1.6265614170621856 
1.865500129042195 2.032994485152171 2.0015859926932413 1.7743543128234072 1.373593354146819 0.8387499631429538 0.22477912596505017 0.421005636521608 1.01747678336841 1.5155307748681461 
1.3968844127284679 1.191343830992574 0.9048971670487859 0.6158393665681413 0.5181339205860355 0.727167690147934 1.029931448434689 1.288883248857677 1.449413945946357 1.487143622000573 
0.7659451450569287 1.289874440010363 1.6877057934218582 1.920398132210286 1.965151439575251 1.8175818831864068 1.4921460372000044 1.0207472861458018 0.4498298357456604 0.1686881349088965 
2.019314064740465 1.8708361217945297 1.5392700346778996 1.0571103343268915 0.4717940605809809 0.1627665059784238 0.7772351207426784 1.3171066729273604 1.7281897953021164 1.970160549784609 
1.536633781065811 1.1621862661854316 0.6817968721495418 0.20520838082258105 0.493901209044277 0.9966139381473074 1.4155584768959781 1.6998928624913974 1.8199923734077212 1.763673528328499 
0.39450353595397564 0.9278739996953308 1.381304060549108 1.702012775240543 1.8573594465852339 1.8318318127253548 1.627971335952276 1.2661911081283883 0.783832471202128 0.24790465137516615 
0.5476235985508391 0.7156289503155673 0.9948102853183404 1.2450149753694346 1.4068794368279254 1.453764749170504 1.3788396415431303 1.1931789672322386 0.929118540729005 0.6587972388005953 
1.8303647153370266 1.640346666923372 1.2913600805022094 0.8195459010791889 0.28860382617610486 0.35672916872956045 0.8869912644928709 1.3453177444227091 1.6750627471821997 1.842335073348437 
0.7894452484020077 1.01774687945231 1.2195477865313924 1.3435903293828024 1.366814414947909 1.2853378270395412 1.113332124394299 0.8877050896607604 0.6856253763041809 0.6380716926285339 
0.4340274876993003 0.40215119085829204 0.7917143635582067 1.1857448945424798 1.4837936269057554 1.6461643633048897 1.6542404271401474 1.5071248580091776 1.2215752191985576 0.8346217369847397 
0.6862485403529379 0.39797398987359717 0.5570035230590581 0.9319532752879951 1.2727881750272712 1.5091659874392818 1.6093898658076018 1.5614948325498608 1.3711244033493457 1.062322596149997 
1.5314141624738205 1.5238195801014618 1.3810814855646842 1.1223580585246467 0.7914098398315415 0.4992325082136143 0.5219543290193636 0.8289006964124798 1.1553245529925498 1.4029016001489423 
1.4014244063741998 1.3074331903774263 1.1168841220281092 0.8686690317115014 0.6473782013207616 0.6075465858999635 0.7897605165614979 1.041956370862753 1.2563905977702086 1.383475581741389 
1.8505722845358537 1.5185647316537159 1.0379190985100823 0.4557137633785623 0.17144624464860336 0.7813640401849066 1.3149557784822294 1.7198463560836899 1.9563927288388894 2.0014379152954556 
1.6264593655145654 1.8565880419886969 1.9054394519301474 1.7681949166901079 1.4584040731508878 1.0068709533260176 0.4606951558962424 0.16869996843457039 0.7298259524797324 1.2378274289005657 
1.096569373062775 1.506935411100424 1.7717779048164335 1.8643537375744759 1.7754243085608796 1.513863548909155 1.1060709296544704 0.5958609658799585 0.13576588616876592 0.5849066243651463 
1.6411425587216666 1.4884782367698806 1.2000174560591255 0.8142460351943112 0.42571878498979443 0.4228209091242371 0.8102832578194938 1.1966973403469774 1.4863141704937384 1.6403932258293918 
0.6948376044499167 0.18132992933726652 0.48407470268279357 1.0050852785545787 1.4367079029024912 1.7301910899540347 1.8556615965850487 1.8005644077723502 1.5704025239240083 1.1883732183331783 
1.2129739720975892 0.9769610262303091 0.7224480364902339 0.5821936055603433 0.6894928214141027 0.9376376737044476 1.1815318097127612 1.3522348533843878 1.418280955869019 1.369331922272504 
1.008730283296981 0.679249984349281 0.46867631083721895 0.6202399580932971 0.9452307592569109 1.2456395288778466 1.4518175088849603 1.5328069467494743 1.4779908709893492 1.2944857790250284 
1.364305798859948 1.7706112853858196 2.0038025982129524 2.0409851769220007 1.878511437473541 1.532325300564064 1.036478082554574 0.4405976474592791 0.20911873932362046 0.8249520706275737 
1.3414740547660307 1.404288840323859 1.3548862748856423 1.2011192966509825 0.9711144133960865 0.726418102388488 0.5959939194572196 0.7010842183465655 0.9405042978640537 1.1765086889532443 
0.8725860133576651 0.8938234414284816 0.9588954267876229 1.0378038240824585 1.1006399010854044 1.1275058181685707 1.1107454146942706 1.0550806989027823 0.9775678715215771 0.9062381192877025 
1.1965898443965193 0.7925656111933833 0.3862762427463372 0.42180266508661185 0.8386412625270455 1.2347990884829139 1.5259081874689513 1.6755138641386689 1.666924880238145 1.5010785713673236 
1.5282739762978785 1.2917667094250185 0.9468946476927532 0.5606813745496538 0.37989703071542813 0.6718884814381287 1.0575416051105617 1.37493490911002 1.5724795306622195 1.6256487087228175 
1.7378044344874668 1.3253465173959575 0.7834178431905953 0.167556974416809 0.47248724504734935 1.0605197868730991 1.5453553247392895 1.879075026135003 2.028938424693552 1.9802581332092122 
1.0660070017269319 0.9746193405432799 0.8895367227252379 0.8491947264124691 0.8753535003944516 0.9536144433336057 1.0468374158885838 1.1200338625186959 1.1509212618153153 1.131153253813331 
1.0937997282650302 0.5729885024524278 0.11935663709285813 0.6116799730905801 1.1271925152873206 1.5365804129243814 1.7969867520359855 1.882347259173344 1.7841874401125637 1.5122546890043884 
1.2295885336664565 1.3462880417065206 1.361837174834253 1.27362897034257 1.09721366164396 0.8715503953103884 0.6774928504772153 0.6456683072051626 0.8058270903822019 1.033252260772544 
0.9522447115564731 1.0588542273770638 1.1405308495289086 1.1734859524858006 1.1492693521396171 1.0740336142992908 0.9690954135160218 0.8714973187594638 0.8265887215844175 0.859940783754703 
0.734022384701201 0.6039170431083498 0.7024659088019669 0.9358639078809332 1.1686775545931605 1.3327437572385306 1.3965238947987895 1.3496430752875888 1.1996472521647943 0.9742625709175445 
0.6462852982469657 0.6676659225823356 0.8593707248529437 1.088158367842961 1.2697624719636302 1.3636646975134097 1.3533249091762065 1.2404628375087399 1.045551271085188 0.8154565339534167 
1.6940032359125947 1.3819133211721621 0.9376830021222913 0.4146481296619861 0.24063708276216797 0.7620519681035822 1.2412436256190038 1.603471469313942 1.8106454909619116 1.841864262037949 
0.9873709986626983 0.7458313455506972 0.6058989660338766 0.6926024571059031 0.9225045921615894 1.157252318645446 1.325846907453674 1.395356893762135 1.3544136201402068 1.2095948476457787 
1.3218990140551603 1.6360130109339843 1.7928272405440622 1.7762629777839378 1.5880057018123617 1.24743848498775 0.7918214478297851 0.29881476327601614 0.3852396798652439 0.884170610346197 
0.9508167871278018 1.2991724641163123 1.5374522949088303 1.6351174698531286 1.5808370650493224 1.380850053379624 1.0596935128066491 0.6686104048563093 0.3703920792668899 0.5583490005084548 
0.9360927843044479 1.3502568586527142 1.6391228833711518 1.7711638054907048 1.732653306406191 1.5275675744042754 1.1775138261861386 0.7231933133037506 0.26965008681233643 0.4556807160698256 
0.5622075919230106 0.9568918272181262 1.3052801150401745 1.5425262281355214 1.6384342689246587 1.5819181944911462 1.37945662544393 1.0558344433473972 0.6626880004889184 0.36616348383108616 
1.7749854601005075 1.9117707712985634 1.861783180276027 1.6299482661440687 1.2391752083954124 0.7286695642704947 0.16329493400243145 0.4640001154133962 1.0123247340435313 1.4649155335242192 
1.2822577327881448 0.7429452467531544 0.1310008648494081 0.49400761780097197 1.0704920420707853 1.542203436163448 1.862956975385163 2.0013533184368137 1.9438448511555515 1.6960610601250357 
0.7411339531888714 1.0880443886155897 1.3676997661365147 1.532072435757814 1.5593937753445326 1.4462813178293357 1.2071323851482285 0.8777280538877897 0.5419992974743072 0.4574934319618686 
1.801685785226063 1.71290350324903 1.4590281026393357 1.0666926841685573 0.5828813937865294 0.1983827812849323 0.5927807226565319 1.0754833296265733 1.4654671999527247 1.7162973744003318 
0.9467695060674644 1.1866982215898074 1.352678376337467 1.4141561043120277 1.3614612887473687 1.2028397423521107 0.9669246476724598 0.7165592463920591 0.5859679650270584 0.6997278775661833 
0.13406487956375865 0.7385454691957144 1.2714404815112992 1.679934425250629 1.92400632556119 1.9797569808336064 1.8417279074342998 1.5234336864682227 1.0560451798808996 0.48539752192648383 
0.4747381765801198 0.2131934730715042 0.7010197295628634 1.1802371860372396 1.5510289037374823 1.7727922706010437 1.8228322232298646 1.696095548537591 1.4054212733911209 0.9810596876726339 
1.3036766269856532 1.1664684882244964 0.9645336673182847 0.7569485434661207 0.6519843246642602 0.7369875133222982 0.9391882710729157 1.1455994706489765 1.2921889355222762 1.3481987178950154 
1.533432004089139 1.8770768972911873 2.037120568374695 1.9978642474621005 1.7631575669272255 1.3560327738360722 0.816591033833996 0.20094373537670604 0.445844192061622 1.0399586477690597 
0.7033684040598759 1.184455515763549 1.5562427266507726 1.7783109983933973 1.8280003629902428 1.7003031679269094 1.4081275176166845 0.9817670550790496 0.4726182049869635 0.210172899298559 
0.8809786107917342 0.5145118771425897 0.4195028292134211 0.7374275384367578 1.1080068712581088 1.4022850356784298 1.574104241224004 1.6020436979814638 1.4828105946193173 1.2307913743624488 
1.7070251010474877 1.670102521514091 1.4749260163740094 1.1431937830254593 0.7179424448622139 0.3214996043510611 0.47755026838684544 0.9175456050939204 1.3078244016900789 1.5817254303668953 
0.5203245759779369 1.0221201634543673 1.4360334395674632 1.7130349788261365 1.8243991605263734 1.7588488857470164 1.5230093363864052 1.141093785674158 0.6555899851113337 0.1893535590655869 
1.2127316574581977 1.5654878518115782 1.7682371678516455 1.8000762901988816 1.6577672363522546 1.3558665594296921 0.9264663975619345 0.4271176866028965 0.26233099215466366 0.7489325670966822 
0.49708293982163493 1.0790070091082231 1.5555854514009018 1.8799650711717337 2.0203594476219284 1.963017740218247 1.7135559435771566 1.2964119718913139 0.7525034409539466 0.13666674752143265 
1.1098286836024636 0.8637574309675665 0.6477468144216139 0.6139455073084531 0.7965086299954327 1.0458066754692419 1.2567236807871152 1.380527208645109 1.3958876113278502 1.3003866008789862 
1.284133164445095 0.8218120610543173 0.3055012809477641 0.3538176477124301 0.8710768507983552 1.3236637889919698 1.650972061127022 1.81872284245171 1.8099438893191122 1.6255180498289068 
1.4830608403238823 1.0681271911374928 0.5559558469881171 0.1475322500720855 0.623441407742449 1.1268002125316172 1.5258612252155201 1.777656117268805 1.8567127969215231 1.7551264872297925 
1.2231095046640033 1.2119377809050453 1.1323828845569732 1.0038564610659884 0.8660123485025489 0.7794175209567826 0.7966776936683959 0.9061995007371545 1.0467859083642224 1.1634049787648924 
0.9320208104440902 0.4114259953148623 0.2467687795293886 0.7648067602944862 1.2414554413708592 1.601397582611636 1.8066171866431542 1.836366569654552 1.687663363382373 1.3754727899111403 
1.442822202618807 1.1698003915653756 0.8093495699301406 0.46267322350759493 0.4625275839666909 0.8091316068522416 1.1696140002028745 1.4426999477476155 1.5881949986781119 1.5882374191684983 
1.5584607711860223 1.445976163786773 1.2075495124752078 0.8788885949101979 0.543673508513628 0.4579617191398455 0.7400552988012055 1.0864405581734058 1.366046759543769 1.5306691437615563 
1.1235529436755989 1.4228039987988872 1.5958301695559167 1.6216588627794388 1.49731062371328 1.2374570346814977 0.8770974352526211 0.49698812848997065 0.4048378227064842 0.7427866625351975 
0.9097658617667945 0.8147109292586087 0.8026471344042364 0.8812446971164206 1.0051120121162742 1.1206992695961389 1.1915900628387985 1.1997492878690383 1.1432622445938578 1.0360456646350933 
1.492824540446282 1.439418829063005 1.264453725735709 0.9949757999477024 0.6912985481390945 0.5081260739674343 0.6440424288376496 0.9422706570180862 1.2234134105537022 1.4173297192061525 
1.1592654921917411 1.3331288690718328 1.406085908439708 1.3664177563288276 1.2203691856375531 0.9939785767270957 0.7447531878590642 0.5956612380088739 0.6817568537009919 0.9179264366632645 
1.6289565863181463 1.4368391025737317 1.114529598608484 0.7075384611108778 0.3508030588212738 0.5037291170288822 0.9180065232704392 1.2903745027229798 1.5513323014431228 1.6685861672007243 
1.920771536009765 1.9848181365289885 1.8545845801015302 1.5428209138981417 1.0800527384151988 0.5116251006846534 0.10779843274132722 0.7152898520498691 1.2533264398529205 1.6687149605123468 
1.0558572412052296 0.6599073460633661 0.36110917343960397 0.5622546400747958 0.9600657912453056 1.3099125389814656 1.5476523085622276 1.6432606422732075 1.585741181057221 1.3816580800136167 
1.2652924345954404 1.6607360040099877 1.8938518959827537 1.9417386232550362 1.7996967878418475 1.4816700365145665 1.0189538591783598 0.4578602824356608 0.16112777882528942 0.7465939418326877 
1.8296300063129918 1.568067037267707 1.153773393670691 0.6287630706209894 0.0935254364990631 0.5648642294797974 1.0989919582877568 1.5282095778407816 1.8086665139737474 1.9125560254471876 
0.26540078783932 0.7081982156846955 1.162175296006795 1.514406746695541 1.7233007016489312 1.7667274882726465 1.640188673081521 1.3568758887073735 0.9478057826194848 0.47116694249512836 
1.9031892187018375 1.8418767972718426 1.6007888778152704 1.203827224795783 0.6912216215838881 0.13904559745414868 0.4989516449776578 1.0387193312041603 1.4806292220521566 1.7786724122809212 
1.632528431881333 1.394101925532211 1.0284406819722183 0.5882314028918704 0.283431330555319 0.6017669545688697 1.0410342788493556 1.4034180817477497 1.6374542329982469 1.7166651477127555 
1.9579305336252137 1.69953236603769 1.2748382459212095 0.7255325184660746 0.10805062315649036 0.5269265207171407 1.105772702469778 1.5766835381501003 1.8933425726437518 2.0247144479092554 
1.240130559378127 0.946222244685924 0.6294995875716782 0.4809885077875405 0.6808604341822089 1.0021138485993477 1.2832846268539313 1.464884377384505 1.5201335550649548 1.4417298772735885 
1.1373057899200925 1.1051227004334843 1.0353243132974932 0.9499109632936521 0.881684575469513 0.8629824251046978 0.9038290451252127 0.9830089990027684 1.0657730938806238 1.122869286784751 
0.2621960543876013 0.4350677917250262 0.9301582935172212 1.3558404583398769 1.6543627630402644 1.7938208697266973 1.7599022984833506 1.5560673612040714 1.203427079274928 0.7413662602717044 
0.5308616958757325 0.81577126605368 1.1318868743959072 1.3761172760949527 1.50635632309703 1.504661305777717 1.3712538155768024 1.124567422977843 0.8075401090260291 0.5260327110725717 
1.7394432175038836 1.9633860652311195 1.9951412750945536 1.8316003116900745 1.4887723912024289 1.0002187270049843 0.41378178745323696 0.2133342475689536 0.8193537129888139 1.3452349147881701 
0.4593465665490077 0.557487734253809 0.8904528040590666 1.2137500229114215 1.44630438886189 1.5532034790310503 1.5207392089477654 1.3529723275876215 1.0724976444529117 0.7291391706892142 
1.6461048519396535 1.7744310328935866 1.7318215096213956 1.5226711929957093 1.1690025157919648 0.7119974191387619 0.26076046085195914 0.4662571900273468 0.9476676350179684 1.360159779772797 
1.579057922747052 1.238193539540293 0.7837766716213896 0.29652793844406766 0.3937641762434535 0.8888374424252153 1.3230013911889564 1.6337533631088046 1.7876037324220782 1.7687299669408407 
1.2551723999931113 1.4612366028674237 1.5404926737618898 1.4826671347134133 1.2951982798494912 1.004859091587033 0.670810806479782 0.460523473598826 0.622011025055265 0.9527124243571629 
0.8203898897091778 0.9672955155690284 1.116782299788533 1.220109566172698 1.2521274978568013 1.2059998289158547 1.0917025895554866 0.9382283588557438 0.7992545308072881 0.7480988488114212 
1.438539542511346 1.0897113040354518 0.655590129757556 0.29288933222865715 0.5355648493982632 0.9778253900926245 1.3557535848139592 1.6111300663332606 1.714571184857951 1.6549044688342471 
1.3935780647920075 1.6473266310203702 1.7443272180670757 1.674327669742013 1.4447069749202346 1.0805807914958263 0.6293088592656713 0.2589154802818105 0.5534812769692063 1.011205432261916 
1.5588810939096083 1.7625837716068224 1.7960464499614162 1.655859037422259 1.3563919202647372 0.9295873498581745 0.43306045078421707 0.2616487254816186 0.7432185103670318 1.2060032606115538 
1.4430831895364646 1.4800015573331284 1.3902085679803693 1.1864893357937816 0.9034038784029944 0.619518235889977 0.5252497756443879 0.730487559125367 1.028851297598733 1.2845829552852526 
0.7499740029464816 0.7995095711353135 0.9369022246258278 1.0895163884408352 1.2036898365572133 1.2502991551381673 1.2192183676839072 1.1171048312159242 0.9688462322544396 0.822702716540825 
0.33083211152376585 0.5056871380844518 0.9319951618343585 1.3092101193928245 1.571320371582948 1.6867940102438386 1.6428647045285625 1.4443368503666698 1.1138638975607342 0.6969047344208462 
1.2517425329489993 0.9094972915061917 0.5415846355739861 0.41129780314648073 0.7086335787938048 1.0794016349352926 1.3801383753223662 1.5616188205848287 1.6008751904572192 1.4932533975519504 
1.344477394626752 1.290706338608879 1.1468274966029028 0.9431065444611807 0.742468803275961 0.6556068279129516 0.7559873841164831 0.9603262312901488 1.1610296392697788 1.2985298816855868 
1.0198577790544454 1.4779218761287274 1.791833586835689 1.9306211482657325 1.8806405979356389 1.646803276772516 1.2521253331622615 0.7358011409165599 0.15739410330652948 0.4639632132861875 
0.3303118940071404 0.2887315940904218 0.8754046518605203 1.37736623234308 1.744663398755729 1.9412537091752093 1.9478721665661474 1.7638703484695393 1.407278996045248 0.9130835316394672 
1.9620495652354237 1.9326533539997108 1.7141127676887649 1.3278378502908177 0.8117158008409839 0.21717286440779185 0.40206164048472504 0.9790913997793885 1.4607016097788963 1.7994221317247046 
1.7292620711599886 1.5460460648738907 1.216483455894928 0.7789864930819584 0.3235478882730255 0.4064738582789708 0.8748199091839889 1.2945023405736502 1.5964799879148495 1.7466782967137342 
0.47702545883323283 0.9412960433498707 1.3429974846438661 1.6216879339814563 1.7461773062149233 1.70331680919324 1.497599145175095 1.1511729657595098 0.706377863210798 0.28232296420109093 
0.6408884285382254 0.45531297564507167 0.648073074003339 0.9836485624002766 1.2809589150963523 1.47739570882493 1.5447090834515553 1.4742582368908022 1.275096688089332 0.9760022111264349 
1.8410525928609516 1.9404378152954018 1.8500627029190602 1.5788042421730164 1.1533609563760168 0.6160991399651387 0.06126895557641391 0.5884902677306032 1.1297920006984932 1.5616693965923825 
1.6009049682744734 1.6625497573215793 1.5682945182398649 1.328774825178272 0.9733470100365768 0.5633581898112596 0.34087750278255213 0.6486304583752612 1.0557587941598041 1.390275068296259 
1.2964320662389905 0.9028536857112003 0.4633395483780279 0.32970921319246077 0.7332787003509492 1.1566298436402123 1.484379978229827 1.6744686203332464 1.7058196071999787 1.57506540981113 
0.9447093303997073 1.1193836612104902 1.2447622505433413 1.291702658939444 1.2508916711936362 1.1303852023228476 0.9577195015189607 0.7879171049019078 0.7083436069193386 0.7781493760924826 
0.3593855902755939 0.7058021516629578 1.1075505572538609 1.427033996328999 1.6180636865270566 1.6581885464620485 1.5429162585259113 1.2853322610291549 0.9177806009264653 0.510506772196147 
1.1101040957043293 1.212801017961052 1.2460914069630797 1.2027621469571144 1.0922886726406142 0.9428476008515219 0.8064777694168848 0.7540218214506591 0.8213744088892166 0.9634304112659109 
1.9295825835551585 1.962932554340685 1.8041736444554255 1.4688577732563186 0.9898553076262466 0.4143746416400637 0.20467309911975534 0.7999704688587944 1.318124475282293 1.7073903362611256 
1.7267339804545614 1.4472214693821954 1.0290960978878874 0.5204503032158944 0.17604956786420795 0.6565346131061182 1.148128022487951 1.534147697835765 1.7725065357694278 1.8389275372122957 
1.4390406968741283 1.7621566827002533 1.913198580640852 1.8772837379728555 1.6579478963731555 1.2768309930776536 0.7719710731358282 0.20200669092253398 0.4206438865433648 0.9758812863537614 
1.4242184367739092 1.5342748217826048 1.5080365676045668 1.3488564604228057 1.0786198044079822 0.746164954868093 0.4807921242740744 0.5576611930979757 0.8750694513555373 1.1923672307887814 
1.2779685575753272 1.319852978588904 1.2674823485301372 1.130689626085883 0.9397655877421588 0.7560446616267885 0.6802905845559865 0.7734957405765435 0.9624698093900368 1.1496294205617574 
1.9557958353507945 1.7889179773207144 1.446993863137456 0.9635608631291219 0.3864237862902069 0.2324056402960093 0.823967354714781 1.3361730768352769 1.7177602260684612 1.9312758447736174 
0.3819296466622687 0.8621663409670633 1.292585519622017 1.604355566238439 1.7629195435038603 1.7517478057570757 1.5719923124741295 1.242462596796288 0.8003335848594839 0.326504690787799 
0.9923227859955311 0.5107167284184715 0.23295225565011907 0.6662663006595155 1.1317830581400854 1.4985389816934265 1.7232214061385838 1.782149499298032 1.669255165595179 1.3962058231391892 
0.11708127405059797 0.5451971896955685 1.131354190416105 1.6082625663437122 1.928165521387768 2.0595582713061993 1.989534699870084 1.7249713022154924 1.291890016733866 0.7332571307328203 
1.4944036189449548 1.006830471508273 0.42073854572781527 0.20680431463111243 0.8137745049292592 1.3411900193367758 1.737332796538069 1.9634184272393904 1.9973144018241882 1.8357025628928827 
0.7265675795182353 1.0246121016735783 1.2812613264063077 1.4412684015665826 1.4799690694254168 1.3919803824434018 1.1898234632996272 0.9076779418768612 0.623101297832041 0.5245964032075822 
1.1178088420962438 0.9253197556072303 0.7461757329722788 0.6823171048746054 0.7857451364593724 0.9768814318627006 1.1608519669921917 1.283361100746765 1.3184222797655545 1.2595231319499882 
1.1821523179783164 1.0839734195029305 0.9508062725864026 0.8295097422471379 0.7807970282553411 0.8358634243714522 0.959767363955767 1.0918421127222693 1.1866192964133713 1.2192242483526585 
1.5431129512790651 1.0860439653203133 0.5228899853358053 0.09516163893920276 0.6981351902006919 1.2351989626204867 1.6514910121024706 1.9061742105325614 1.974299450473083 1.8491947744538315 
0.9406928470930602 0.9031045107412558 0.9058864125033623 0.9476698362536993 1.0091377807002881 1.0656123997163536 1.097649790087936 1.0953550231057878 1.059412431707397 1.0010363422796347 
1.0504975850635727 1.1019777120009202 1.1173990189532739 1.092313689119518 1.0340375532319792 0.9613352630370345 0.9018623988370397 0.8826834634370034 0.9135433589846691 0.9790183873088923 
1.5218514350201175 1.3228022624345652 1.0137812287987142 0.652434922348714 0.41657792485531514 0.6063469123787306 0.9663759842431963 1.2868317638912166 1.5026699705936224 1.584345669652696 
0.7005255294885466 0.8928533721896622 1.1086351514639468 1.2733518700012885 1.3506964345767873 1.3268071729579307 1.205805186357802 1.0109804115888383 0.7935542242607287 0.6532782204385659 
0.6088811912227634 0.12143781792733299 0.5751785477881879 1.0946473923503182 1.5118494854633904 1.7826313830075864 1.8798307926740216 1.7937894499836549 1.5330551324492678 1.123753569966509 
0.5845814378168223 0.08989397403430617 0.6985321518739054 1.264136695722892 1.707145525233358 1.983450643804875 2.0658487329139748 1.9462437531430556 1.6363894183160579 1.1668187817847633 
0.644070063284399 0.993672286250622 1.2989382151854345 1.4990239200365967 1.566219782807235 1.4921398679956426 1.2860493845955858 0.9767636076411226 0.627881293907804 0.43389310207063725 
1.369688425124672 1.549424187294917 1.5888891766793338 1.4833405084322084 1.2456990328346118 0.9092235269763249 0.5495620908989787 0.42209594662711414 0.7088263115685313 1.0728316380134788 
0.8260862903280703 0.2916110542777646 0.3505112187912237 0.8839884071929315 1.3450706290187473 1.6773847978641685 1.8468896318396566 1.836621954751522 1.6476051757391135 1.2987776261257824 
0.8526646889664495 1.3620728731367502 1.7382436256183833 1.9443032162850968 1.9600688211244468 1.7839964758152818 1.4333310803148713 0.9424381123069335 0.3596741590315136 0.2604049039235236 
1.3932574519295011 0.9701910465614069 0.4682063873875972 0.22540156384654472 0.707364129843282 1.1815988026785107 1.54792486607731 1.7658212923899832 1.8128806339259924 1.6843331160015327 
1.6928827654108194 1.5785786223932992 1.316614433630879 0.9382102505811706 0.5080472363748977 0.3236128816135531 0.6918575630099629 1.1122516746339612 1.4458004289235873 1.6469563929209055 
1.9057942193654416 1.8082217513554106 1.5342011356910918 1.1109514775610456 0.5819105847528261 0.09528661098684121 0.6094794850733373 1.1346180062224698 1.5514244935880763 1.817281270511726 
0.4381581235693161 1.002560435470472 1.4701437560893762 1.7941407327233982 1.9426806472078293 1.9011857540184267 1.6737270941708675 1.2826406936331856 0.766517347302164 0.18022684455032548 
1.331385435160861 1.5595164193192725 1.6441324781746978 1.5755266442501126 1.3615435151823776 1.0284845833894354 0.6310913191462949 0.35664563566563184 0.5899860239753096 0.9882140312164314 
0.9429378954915694 1.4440023320305346 1.803723566759282 1.9868865275679137 1.9755612061105086 1.7708562411489897 1.3928104561141033 0.8784332622843767 0.27811081988933306 0.3496020916436151 
0.6677941691385108 0.3161409479392432 0.5313096051109918 0.9609026641198227 1.3334992188851666 1.5875802723275123 1.693049046677316 1.6383132413966794 1.4293446902361655 1.090018351520534 
0.6653365155188603 0.754553101940546 0.950422124790079 1.147593100679781 1.2854363099754833 1.334664567117394 1.2863326948940306 1.1492171119118224 0.9523824131479985 0.7560791483687752 
1.0418509729133645 1.2698215315179737 1.4062867786132018 1.428827637977937 1.3340744283465198 1.1367749715703543 0.874793726453643 0.6325095114280946 0.5797951075161749 0.7732762801102909 
1.6593427416807829 1.2940008965612062 0.8039433241917767 0.24856060286166093 0.379586880638583 0.9283313439216027 1.3931184795898663 1.723047460159894 1.8850557140787734 1.8630972112380655 
1.5861476812403075 1.7529673761354194 1.7512064418073514 1.581046986619103 1.260329947816129 0.8252073882962152 0.352046983522892 0.36070444767856585 0.8349383968325554 1.2682271575078565 
0.17521105074881263 0.47959654826185466 1.0068980231390057 1.4431890158610596 1.74027660290792 1.868126524181657 1.8139963543378073 1.5832725582332008 1.199083436276862 0.7014506169551865 
1.256743669407354 0.76428767094796 0.21809566029939523 0.41790710041059514 0.9575160814074734 1.4109026188624318 1.727980094371828 1.8768284773699753 1.8426623418127204 1.628868872670359 
1.3360206695443864 0.9959320525658023 0.5993408147018957 0.3586034249520234 0.622999191113363 1.0191525394219436 1.3534188098043025 1.5698451248108822 1.6416536515576925 1.5606072971545795 
1.0989012262482958 1.3611374462566261 1.5107320145812466 1.5271978864537763 1.4084228322756047 1.1702388772298251 0.8510862395950952 0.5428919919739261 0.49468126146160823 0.7703168571145858 
0.7358231614172113 1.1787955221012332 1.5190906575795418 1.716098463611903 1.7487659961691047 1.613681491499933 1.3250829400311321 0.9152962662122152 0.4476714689103313 0.29533230695294027 
1.8949514910683485 1.760892207272936 1.4551433080363518 1.0082311818232144 0.4674574973830101 0.16797412835585038 0.7199410362415187 1.225403776057544 1.6132347458750165 1.8440552999949535 
1.2394095095663185 1.4050433729678486 1.4558870954665482 1.3845418322865122 1.201498765270374 0.9382659736149499 0.6650805137170708 0.5448593716740219 0.7067693289155522 0.9863466361785794 
1.086884518890362 0.7294645661322626 0.4378503309401236 0.5386319888989634 0.8886862347723242 1.2246568026775257 1.465941229553676 1.5777798735702957 1.5462787013609876 1.3752596183535908 
0.8468152850628626 1.2817222718822319 1.5990610952380528 1.76365018324022 1.7583525496697756 1.5837134763965104 1.2579477414014733 0.8174644432830681 0.33879571055837887 0.36529551517342335 
0.10492090016358654 0.6304457139344364 1.151046621235772 1.561760200290632 1.8205604038560042 1.901733937522311 1.79725862529491 1.5174623686131277 1.0901859663394204 0.5596071660789504 
0.28098127049816235 0.8646558749700594 1.365420151447495 1.7328069871809542 1.9306997125147254 1.9396901660447474 1.7588969931469047 1.4060498656315716 0.9158211396328025 0.33726404302418306 
1.811625013087219 1.5180551166650091 1.0764547802607345 0.5314209606041677 0.10092573699311996 0.6678831001801926 1.1931310432290143 1.6029030318779065 1.8562448077180216 1.928177123389334 
0.8615164062579694 0.27127001118536476 0.348420114071806 0.9313305084904572 1.42358289439732 1.776584451819099 1.9557288701986548 1.943467585736177 1.7410015268953445 1.368164674107749 
0.9512616805918787 0.9989348794183764 1.046010450386829 1.0756063321671299 1.0780817122592212 1.0526609691546858 1.0075331297905599 0.9585697880831163 0.9252377635754723 0.922352276864102 
1.025186579992101 1.4261480629322514 1.6924216667308967 1.795829641090321 1.7257627867982432 1.4893956217149096 1.1114893361494882 0.6364084724131638 0.21048216542227902 0.5394901718120577 
1.8085310987977776 1.804285177235174 1.62510373372225 1.2892043027744482 0.8322342221653062 0.32086002704519967 0.3439344290465544 0.8560220481483785 1.3083150071683771 1.637413231817506 
0.9677296697016258 1.2781517572173686 1.4867519214419078 1.5641215826089205 1.5005485251559307 1.3039779671515708 1.0015924011092103 0.6530145301035462 0.4363289209467168 0.6206556018356086 
0.562891200184016 0.3348064510581302 0.6462283114033669 1.056738810428673 1.3936735494503705 1.605968848628637 1.6684984526034334 1.5742844138055057 1.3338986215391277 0.9765533695464871 
0.5420986679814453 0.5926728924051216 0.8626161245420669 1.1499363591702974 1.365698207129202 1.4714339038202346 1.4518014815211686 1.3095350781170156 1.0661308873665905 0.7706212469060246 
1.3242349531537398 1.228959448821617 1.056108057937789 0.848253940124133 0.6885101933375489 0.6875078881930478 0.8461229110677829 1.0539929209632402 1.2274895358192 1.3237141009870834 
1.0565123161644778 0.47080897105000763 0.16424994331645587 0.7788012902566157 1.318693141700965 1.7296509740555748 1.9713573189651492 2.020131857671466 1.8711972949299756 1.5391423469872652 
0.8823803818190629 0.9769128539863121 1.0761096703583553 1.1453237076188525 1.1648574580850553 1.129670190708107 1.048995306810266 0.9469624360843875 0.8619648964777228 0.8353783456238675 
0.5518629682123773 0.45048284523210674 0.7272694882431443 1.0761019764778965 1.3601004966366033 1.529797620402528 1.562657576446292 1.4546176771041828 1.219359680854578 0.8916053690519578 
1.6951392179170761 1.689758354605813 1.5240115466573045 1.2161181269163976 0.8040721800445081 0.3785898930288141 0.40192533916629425 0.8331963039280086 1.2401145014108323 1.5395763068138444 
0.8011691022138739 0.501725357606129 0.512430895897979 0.8187161640831683 1.1485333666622464 1.4004469220804883 1.5334259608608103 1.529881723806155 1.3902616137173034 1.133134862922496 
1.862936493003525 1.6400441160858354 1.2572916841015835 0.7531476090523388 0.19035121176134776 0.4365916341001557 0.9855962303208894 1.442346093356071 1.758952333324943 1.903919916412322 
0.8677513543303138 1.0463595731146662 1.1968362787872495 1.2793382820526633 1.2765989380890892 1.189153764025814 1.0354760891445776 0.8571242670800684 0.7282668793192476 0.7330581414244477 
0.8590537224514102 1.1135713733498063 1.3103708590196788 1.4095586480441167 1.395114456284067 1.2692564733019398 1.0530641431234513 0.7949298742081166 0.6017721419279434 0.6345399490526304 
1.2898781042915155 1.096612029032652 0.8514857702204269 0.6431142579420065 0.6222685936919738 0.8099198609259929 1.0569757626520786 1.2628252801417856 1.3806374456332684 1.390157366040862 
0.42193910379339616 0.6825273671638123 1.0431446835684073 1.3443415008850659 1.5324752301577456 1.582750635842285 1.4890562701394352 1.262925711082049 0.9358835993686503 0.5784910124816944 
0.4390108558191697 0.29712884824224317 0.7438895116973998 1.187578050648491 1.5270436123994147 1.7221915611841545 1.7522524796624581 1.6140950093868698 1.3222453170871604 0.9092920932083055 
1.0394860947769808 0.4922328311206902 0.13617389077034636 0.7033823123850156 1.2202498567404694 1.6191225244624559 1.8600526687229277 1.9192565649044528 1.7909054729606146 1.4876422209594748 
1.6752005837280253 1.7436491581567435 1.6451820955737773 1.3902121390767792 1.0070382267504145 0.549356782459905 0.2603410905268246 0.6336132436754224 1.0841586961884233 1.4470535166402094 
0.6102185303306503 0.8544175320536535 1.1257210955783827 1.3337253771319137 1.4385239292842669 1.424029288214795 1.292360920707439 1.0644144321749123 0.7882909912251757 0.5752173270416923 
1.4248857357648455 1.4315932539269052 1.3201913215299879 1.1080298986981332 0.8370865710355018 0.6026263050118416 0.5865139203713122 0.8065684707668994 1.0796886435770985 1.3010549166235745 
1.697122199163415 1.8527023415970065 1.8279315769271558 1.6252790710291507 1.265069599588928 0.7846130204039573 0.25166522231260946 0.3930744213928052 0.92428853284854 1.3767498897318262 
1.8697181872069526 1.7002303800401424 1.3652657596288686 0.8986451230746112 0.3537299359091684 0.2780363620906183 0.8260550665697723 1.3073636540006939 1.663005490367141 1.8568859552106947 
0.9252948942109336 1.308080243707076 1.575305928811689 1.6951120008053702 1.6543461957469043 1.4574339134978138 1.1265923528453463 0.706183746709819 0.32692439216429137 0.49337908152263704 
1.0904886243102045 1.5319533074895029 1.8238836642249086 1.937518151921467 1.861691175043854 1.603852141803865 1.1893805934984727 0.6595115707039022 0.08677870414814454 0.5437031370910427 
1.7968275679913073 1.8480239300471837 1.719514205635056 1.4241898382763822 0.9922586389074238 0.4734803542644707 0.19385692905059176 0.7043038063131598 1.1935058690757478 1.5710492508134652 
1.3725120598330367 1.7538487100104578 1.9635068707744217 1.9809636047828316 1.804510116683035 1.4514190083527259 0.9562537291897943 0.36748776934256566 0.25727356786219674 0.856825379516337 
0.8493424311952971 0.6671038945706184 0.6570746962437932 0.8286216849134749 1.054645625206342 1.2434422632876738 1.3500013412613425 1.3549110934355941 1.2573453506693637 1.074827350225065 
1.155950527814223 1.5310401326161456 1.7593925693434274 1.8175135809692748 1.69951636804449 1.4173844961759456 1.0005581167891524 0.49973815112822123 0.20456005413120806 0.6759027648284813 
1.289886853779785 1.0260352828592514 0.7184556178014307 0.5089693404636888 0.6160980151629588 0.9119880433547614 1.2011585595182237 1.4068943855263345 1.4954867091498727 1.454631748068294 
1.6014270334876668 1.1880914868922918 0.6596121280420307 0.09015797190559438 0.5420021918278195 1.0876111125533656 1.528366806270256 1.8199940429228176 1.9337368010762346 1.858413328565128 
1.1872484678423842 1.4571344588910642 1.5972924777805664 1.5907060169355127 1.4381475339613745 1.1582785395646515 0.7924186193688014 0.4470177178096301 0.46991751116048835 0.8263774985870126 
0.7236959553536857 0.670308297710408 0.7923835815318735 0.9955943584787081 1.183444220401647 1.3036552768020597 1.3318932774624677 1.2630839941381016 1.1099751303045076 0.9070351116285835 
1.472918028371658 1.7149258919507668 1.7918532393553788 1.6958028364651938 1.4366466475437278 1.04184193176469 0.5603135855949779 0.21020013724322342 0.615771766908841 1.0913150503804123 
0.6006302192486399 1.1030269714320395 1.5047275671704423 1.7616023833638015 1.8475113679220048 1.7538358984588531 1.489976012991855 1.0828166823590055 0.5774548137513579 0.152966546658425 
1.0721015005744796 1.0288104955072075 0.973763021806051 0.9277922331102116 0.9108199548066139 0.9308692314094187 0.9785029983873464 1.0332979874566488 1.0747654282210513 1.0891860095708585 
1.09492004994444 0.9518653364411997 0.8188813434926663 0.7631204022433642 0.8216450653913665 0.9557111059824639 1.0982650022422826 1.20069437374721 1.2368835375848792 1.1988048299813345 
0.5608205813203019 0.18569628915464173 0.6148398257211438 1.1017857994869418 1.490941993944433 1.7376886044738544 1.8164796444620368 1.71931771329732 1.456073302618949 1.0541220902930224 
1.0542084514215648 0.7800074328001725 0.5746954619631129 0.6190186341045341 0.8642509282687663 1.1325074886697999 1.3362324183009164 1.4365423060045377 1.4180072642878765 1.2833545900990913 
0.8486580482019734 1.2167808589918347 1.487139168219263 1.6229832598382363 1.6083076310672566 1.4447949769195545 1.1519971134082982 0.7720557638267311 0.41662734715187594 0.47010591568367605 
0.2730851506676935 0.6241822679194508 1.0681675097870518 1.4288840029089043 1.657630581477687 1.7289856714376104 1.635348112166548 1.3867173910307355 1.0110674842871703 0.5623413615427075 
1.1618709569551844 0.802288764087994 0.46088468832601326 0.47001090155811753 0.816032415995225 1.17364232339417 1.4435072437976129 1.5858643472708043 1.5831835573598367 1.4357825461827491 
0.5111781741740327 0.13928648933305995 0.675153303531676 1.1848607474074848 1.58160105689226 1.824636803558805 1.8897623830901233 1.770528341310428 1.4787520413869824 1.0436190336949958 
1.3378143511399598 1.6904393009487115 1.8783068419367217 1.8828202824382103 1.7035339120430006 1.3581905277627122 0.8813873822720732 0.3261781037318181 0.29902597188151353 0.8558042757195449 
0.8101578426041838 0.44663094165310235 0.4464819818681167 0.80994285734573 1.181115544546232 1.4608705106619506 1.6096643068704843 1.6097056310772764 1.4609897147787894 1.1812977818001824 
1.6825090058343177 1.9332971071401495 1.9948407873567702 1.8611157059663102 1.5452118442128984 1.0780522364745142 0.5053666736190822 0.11680501863835656 0.7275173594401781 1.2670254676941024 
1.4462801326052728 1.2618302304800015 0.9823032842827553 0.6704062405402936 0.492629574261228 0.6508558870061248 0.9607934622311086 1.2451585703461896 1.4373221908340121 1.5075329880909591 
1.7912872525056538 1.4468190740767235 0.9608169792981578 0.3811904106537053 0.2383554023646003 0.8315599963347033 1.3442159853911861 1.7254080041502615 1.9377553817030377 1.9604562608375213 
1.1490346324957226 0.65808179380658 0.17769467713033307 0.5187964536134724 1.0271559774031822 1.4453675559602328 1.7251945719707533 1.837877188556565 1.7720660817856428 1.5343788829953149 
0.9353417728893458 0.6417295773152137 0.514183811995764 0.6992014138647148 0.9997796067539824 1.2654460898070339 1.4368024178426668 1.4872232669647154 1.4097288466826803 1.2151784956287486 
1.55288395442164 1.6476693235787891 1.588689786807751 1.3826499802402168 1.054521896587362 0.6559585189914109 0.3562526556743267 0.5637330182190304 0.9643698391588795 1.3151858135470396 
1.0458656176154548 1.4184676066627346 1.6596617171752976 1.742852010761907 1.65924708330531 1.417682518338422 1.044800584686389 0.5909158971082676 0.25714875363435885 0.592079158099108 
1.688120877737847 1.3441772760774733 0.8706563850738167 0.3225470024952474 0.3075754961757607 0.8563552502356083 1.3327729975271234 1.6807896571524599 1.8652238052421004 1.8677509808892419 
0.21385848718804232 0.8140228993669695 1.3347169325668902 1.7247858281406183 1.946031651963832 1.9767937541122 1.81406056077121 1.473763790014735 0.9892233549025445 0.40793358331263013 
0.7142366354786713 0.4846399522787713 0.5972354335678888 0.9105206731303794 1.2130640887521291 1.427836021899178 1.5211751357250067 1.480594311006137 1.3114121322814438 1.0379427698446235 
