0.2005463514364814 0.13335727924849486 0.5200845102223208 0.715255801975803 0.5491710594227128 
0.09324556105711393 0.14017173599234733 0.37692230893351003 0.8500087434958535 0.3898341530080028 
0.27504779549556924 0.27067026901790986 0.39278223750644725 0.6543078704635632 0.5538901910250765 
0.26667255766045983 0.12465334182957703 0.12609060350764492 0.5546243641650176 0.7868517531980663 
0.40985645114658936 0.17054060445624916 0.3315257403244338 0.3556618650927378 0.8054282389316899 
0.1727329388572051 0.0950505899653559 0.3382340737586133 0.7615465316916699 0.6041819331396869 
0.13156070682875506 0.27447649372971017 0.7129705330928419 0.5337889764486894 0.4226751243702711 
0.040811387707752264 0.07695699465617209 0.20277579810087357 0.520660621861239 0.8610397270867893 
0.4458723991179623 0.19923674292423593 0.20514714700173647 0.7976745396998717 0.4185700619095325 
0.12033271672043117 0.23758408153809465 0.2966625653458102 0.8194696755739186 0.5192070299167578 
0.40444400389665347 0.29939176276310536 0.32406147496554083 0.5074035884028809 0.7003347010359334 
0.22026612245293853 0.13441852687639066 0.4843586478938594 0.7579374304379007 0.4510707430325469 
0.34382196185853775 0.30884746746180664 0.23736362373532582 0.39960084610574786 0.82481997351815 
0.3524769113061389 0.27392996396263436 0.6917286899332779 0.5332200319049851 0.3861533115218473 
0.3969856919019428 0.20416142265068196 0.5155121892656211 0.6614101933461304 0.4190353293709731 
0.16949778966837203 0.18584536099645013 0.5631924292189584 0.672165631860952 0.4796880076759975 
0.435507830809077 0.5711590630845932 0.33785871505078846 0.5264787129775018 0.3854412603134448 
0.10208871513170538 0.21647629210354577 0.3042617582892313 0.6601954728719422 0.6914276411020807 
0.14954742210132355 0.0874076764847807 0.40357922254158185 0.7749177443757331 0.5147127881569986 
0.1722663917553089 0.3296211879082351 0.2930709169903447 0.7545115981260929 0.5699221170803972 
0.2933707823578414 0.28117402697277466 0.3273307427324448 0.7636523096574549 0.4457717404672235 
0.35481254311777966 0.23745244923637768 0.24626245299985908 0.6402005311842704 0.6977303184732865 
0.22084391401513956 0.2407481416198374 0.774206733577868 0.3756818424814079 0.5010072360634319 
0.2915890183727159 0.4801013291789415 0.6997317074543413 0.3815299559197148 0.4151207748725301 
0.1642040517474712 0.3171968537549015 0.3660889893358274 0.3491819319214471 0.8322120596360858 
0.4765971813092314 0.291853928266192 0.6018745016621485 0.5276912686437515 0.41256610635126745 
0.38885497907864425 0.16425210690599296 0.4913260810759057 0.7420672224479526 0.44175198624971934 
0.38755869542895316 0.17049934365560607 0.42464294582874285 0.24934273756508854 0.8207312924518494 
0.24864239131902546 0.14008629514056842 0.3336444573365357 0.8272717659264494 0.4354469767240202 
0.3348762119011245 0.5123694388408474 0.26402170213943627 0.40519789957783187 0.7123277846076096 
0.28919550590546783 0.25624228067222105 0.1662080968491224 0.6025168674422946 0.7032155278428537 
0.3736452380158503 0.2607242181182747 0.30115685602198783 0.6672352659154102 0.5846125131402286 
0.27757600248447023 0.18337355500079175 0.1417421854270326 0.811052529374066 0.53117860088154 
0.1268508950353431 0.05880865881389435 0.2854057584249498 0.5661840647335196 0.8201667737225737 
0.42195099591268964 0.46292873007030394 0.29869258639601054 0.4763494048131305 0.6075238408042072 
0.22320296404636625 0.2687540642143937 0.4040675546046409 0.5552967520715398 0.6766233217969598 
0.19828427847650726 0.42482731040821364 0.37422570966339336 0.5356386663097283 0.6786662856798155 
0.06652602905325976 0.1578615527204142 0.3141624768540482 0.8377897866180155 0.47651937912117875 
0.46857206717287503 0.34362884664580406 0.6482566623510477 0.4109891632088677 0.408725996600781 
0.12915426663579999 0.24924707868860607 0.5467109878420949 0.552402166003913 0.627436701857817 
0.2218753172847606 0.16351286908610593 0.17771228932504635 0.6210040071809115 0.7569128022378684 
0.19512073206545824 0.12065692616694658 0.23125356562595373 0.7895641944181465 0.6418314953804003 
0.22116269880970846 0.09545814521611336 0.26191220220768635 0.8341758642604826 0.5373731071519826 
0.12822697731013694 0.2806295386251392 0.3016486449641363 0.3161424398692201 0.884579509635206 
0.31376242624899475 0.1658260470157194 0.27866963113380305 0.4397022697037208 0.7984319034234975 
0.3705444695903943 0.5559428057515725 0.39882539898247876 0.34565121101391455 0.5755959108001849 
0.25809024212272363 0.5888970343286664 0.38586776599050954 0.5261692818951819 0.47572582568610544 
0.40198253902347286 0.26583193294651125 0.29865018599151844 0.37016866661886827 0.7959247097363723 
0.09936973892334988 0.23427474886018368 0.4679463581551733 0.34342450190484836 0.8428100551023506 
0.3877372769212018 0.27267572262609907 0.5484293919325713 0.5053226722841394 0.5664510303664861 
0.334342656574709 0.15305690893434984 0.23436615698560354 0.6403683698454977 0.7199402382722683 
0.23031723721368194 0.2011168658222554 0.5295884875994127 0.6800311037156176 0.4825867051049004 
0.2927063414420399 0.25392064174132334 0.6832037618043373 0.34718608826849456 0.5808088458238108 
0.3096987379884384 0.27085393623567194 0.5853605751942439 0.5034585420724428 0.5251337014674974 
0.09873209778545412 0.19789140303476924 0.5229122021622703 0.7114294003630801 0.494818449877654 
0.6209863679408144 0.29390751176577495 0.4427537408590045 0.4005127000661502 0.5313966028643295 
0.09468338136927143 0.19029386350290167 0.17944887531959164 0.6484397789221861 0.7740168233538435 
0.34853807658655356 0.1742746702120935 0.41939986937637813 0.6493306405473499 0.626065698924181 
0.1344177889128946 0.27030239814632706 0.32084367824563037 0.8239737638871447 0.4898835219151793 
0.4798299690963764 0.42173248031833116 0.32581431439487996 0.5310483113008616 0.5317420119756 
0.40148695854141536 0.3670638096030825 0.2360284501112247 0.24685216494250978 0.8148525874749059 
0.28484754245945915 0.2013274666812676 0.1497078177446464 0.44909273413953776 0.8359958965258792 
0.5204099918291583 0.2593223648687711 0.3730430829210187 0.6614101933461304 0.4323331819777268 
0.41280092051694556 0.2182709937783535 0.38043463272847683 0.5803974884453177 0.5997454840882831 
0.26464250173733034 0.3597091724908572 0.29403871087836947 0.677079349757272 0.6138376226020021 
0.3835946809315986 0.18320933818467555 0.7437633365748997 0.4022640717589896 0.42945296991151993 
0.17935014172658537 0.3440110629608418 0.3822747106863729 0.6258535636801018 0.6150314731802689 
0.26679593229952187 0.5739324664365856 0.26800970319269324 0.582348077428454 0.533503742596638 
0.44816674702984305 0.20897325759017543 0.34361482445943176 0.67240597511992 0.5586410764304228 
0.2797154319671395 0.21010294755059714 0.18148818128142796 0.3667518238468955 0.8930928667570689 
0.17218083315695384 0.1839757247492379 0.5637353102091153 0.6514511162783582 0.5397190318317767 
0.3066295040373105 0.454414124098433 0.4483088239145178 0.6507624937456306 0.4061128989049683 
0.06938386340856105 0.16734085855032735 0.3216231677692362 0.16030324018826328 0.9629660120044207 
0.2550727828371488 0.11127869240521254 0.5859711782384545 0.7067464424656951 0.40209043955829415 
0.33913613933938536 0.54750785821047 0.3370615666098485 0.3150513215054839 0.6714342451263728 
0.5531749419515692 0.3327538112799128 0.28752890247208696 0.4634024098117703 0.5896887887299773 
0.44445517398407736 0.18363887420760264 0.29379943999267 0.6639472395877477 0.6120634972202502 
0.425733977347182 0.48176110794053606 0.3413299829821886 0.326268243104161 0.6773219804367052 
0.16793625313840665 0.14437683278537358 0.24718788932830416 0.5838666242394224 0.7623630146785376 
0.18986098616302038 0.1375103503253926 0.3407107981984265 0.46378914860975906 0.8192427109699826 
0.15319380417536343 0.16506797675790544 0.2095322489279903 0.720172140244355 0.6903846517011837 
0.12302183548645577 0.08151442052569347 0.28745471332861855 0.2538346029661546 0.9144530364612373 
0.3921958832766523 0.17658824650157312 0.5463237504068789 0.49171881336003165 0.6084219998193059 
0.3016876575157582 0.2800525457447612 0.6150230021340238 0.5229337782176647 0.5225344777274168 
0.471412417852674 0.4056573748235444 0.2703826134854427 0.4702943320107355 0.651024160465122 
0.21972509343224664 0.13252345271864846 0.46687698494458235 0.7643176240344399 0.41444186994017057 
0.14715673306339702 0.18559869812774266 0.5073032659395001 0.7887157074687092 0.4096214125288727 
0.10295485302254992 0.13271576176742703 0.2605552292432569 0.4968329643224529 0.8421711423989492 
0.1300443695334202 0.1824537327933046 0.274255929074811 0.3169342492760648 0.9170757551067203 
0.5224200996017042 0.4927693731871329 0.513989650955922 0.38016243242038383 0.41944657430591165 
0.24617536968437642 0.3396560560620803 0.6493860649144202 0.5534423188634771 0.39683561638327314 
0.284546814876338 0.20449135422455159 0.1819642938362949 0.36494802596957693 0.8687761086659966 
0.09779599438586967 0.10259410950486036 0.08689274245303363 0.38841707730396763 0.9303382664032019 
0.155745312680034 0.36084077320821756 0.2900870996125025 0.7028525999079812 0.5739175770682995 
0.44942972069867443 0.3876006931022624 0.4229710943860906 0.5046688106545328 0.5275141597021739 
0.23936387440508883 0.26801709167031174 0.16731004819264964 0.3551339077583861 0.9006407133720485 
0.4644061067979709 0.341638059117409 0.3904242944793062 0.35252696753182106 0.6590977056249714 
0.27008868947241194 0.19720907872164875 0.16907986185341284 0.4108624480690401 0.8852412578107572 
0.38729472034130347 0.16390472470839618 0.44921955871915864 0.6793069622343947 0.528122858212015 
0.4070559754613717 0.6630278803242585 0.4346796485414923 0.3874900104026919 0.43650529324364257 
0.2325754715728016 0.20751844458294622 0.5265642871463673 0.6811591108826365 0.5049375170081246 
0.17525667446506596 0.09716457886585804 0.33592823120927107 0.7627408343228308 0.6131501093031267 
0.3077893762808257 0.2692570202975494 0.58341815826371 0.500414167375671 0.5277525755575299 
0.31561292637760946 0.13512116234081886 0.40254346419225456 0.5556338356525626 0.6823003405591468 
0.1146977309721155 0.24076548462120365 0.2512082730513825 0.8954940386578712 0.5029465728790221 
0.35400225147489284 0.5669570575194193 0.28925806383316266 0.4119233754340324 0.629317472307812 
0.08733700696071084 0.15129241395343565 0.40631791898627223 0.4024983421749517 0.852353256912409 
0.414590007313993 0.180604469241979 0.33296868153381315 0.8011619547730907 0.391722497416644 
0.5868292892241799 0.25165867189944663 0.4095087651760738 0.5349796058362124 0.4958003211425744 
0.28395635068712854 0.23218476902496699 0.4185286488918141 0.7551777207364841 0.4335084002684541 
0.15497926240605703 0.31478854217826624 0.2886673045913342 0.39828833283264786 0.8641069827090205 
0.40111196389147014 0.2861753519880359 0.3245657753424298 0.244948489977493 0.7936582139705226 
0.23191066045600336 0.2863384590621259 0.2570673370560473 0.817539062464798 0.43513211521975165 
0.19760237987204574 0.17478245744829807 0.5000369517929513 0.6879954841570505 0.5287052862769922 
0.4503980343233039 0.2767955489570827 0.6357142169921475 0.4061292477909092 0.49150249542838886 
0.21261855575096156 0.4766702517771949 0.40169132837292726 0.5823981545424215 0.5336243947298891 
0.1960846054061213 0.4414285795574905 0.28561172246699545 0.8014465225291867 0.3917349933275884 
0.30483859021429166 0.6484393102171894 0.4563790900303345 0.37169632655651735 0.5052143653458314 
0.31455965760264787 0.2189326379041405 0.16654146970084496 0.8285968818443781 0.4385789321109473 
0.2010090134441454 0.36289630864148753 0.44783577067711533 0.7177232735884455 0.438542653853029 
0.19793972243291705 0.4759940321321001 0.3835361092165834 0.318962997622286 0.7413435402736009 
0.39159311934196234 0.16129505879884695 0.35624088406298815 0.5365983237588751 0.6838196024266908 
0.4075857376169881 0.39221217335717695 0.4529557337809411 0.3298965814260324 0.6747124095230589 
0.4982302692875888 0.25783081184531376 0.4798451046593117 0.41198189263240703 0.6256436471906759 
0.3034669763687483 0.31537160867006986 0.28475757818028424 0.5625971955354213 0.6789405097064228 
0.3137857272456249 0.41947120755161527 0.39079866479306 0.3140038357907435 0.784460541205089 
0.3245933713423738 0.5487009049122763 0.36724289880950284 0.4110740780727327 0.6089082574954465 
0.38183454583607696 0.3550774373277367 0.22408569355889016 0.664733384095734 0.5655978154674896 
0.5346558044669214 0.463354396356777 0.3092273156640206 0.5348628307139973 0.39773344867094224 
0.2570722258572269 0.144703917974419 0.36350956736251033 0.5483571982860528 0.7078853431484242 
0.3185736919581176 0.1354164173365443 0.3702947102069362 0.752797419527279 0.5295947639754793 
0.2725530581822853 0.5364050353587393 0.38156315893287335 0.5837901528012276 0.4802995249706927 
0.38535511495117397 0.2836019300938708 0.3105036051356787 0.24337115166120546 0.8362179523167024 
0.6834859448940436 0.3364028146713155 0.490888932301817 0.36640523087705174 0.43307750504849035 
0.3820861808202033 0.17541565740855175 0.2919831510822296 0.5650957072407042 0.6913772233097455 
0.3757541702847575 0.2028597327771577 0.18123857826447676 0.3090801623968211 0.8449484065821156 
0.21504996135104645 0.4967532563816166 0.6616060564755861 0.41913827465006354 0.42175668524112186 
0.1981386716185972 0.11618372737527217 0.4533039773033381 0.2978687768217477 0.8502357779302008 
0.4268185058628324 0.5737044781457088 0.30582278681577807 0.5880743000612466 0.4058872931681282 
0.19666570353205706 0.12412302967214539 0.46352907019231887 0.31049748159040436 0.8252700844937546 
0.20151718391797546 0.2647598555012124 0.7046594513180264 0.5585441614409254 0.4082841084081439 
0.11177326998360519 0.14209088351211538 0.3189366310884966 0.18327054156919506 0.9232275551160427 
0.23449735325437698 0.36828206635378086 0.6610587693838516 0.3287000564344752 0.6193187232287328 
0.27320994587393604 0.27764171814318994 0.4440909657184149 0.6990413591670127 0.4548238247383309 
0.2522419943251494 0.11279649950817464 0.4453710949824653 0.3841703113165909 0.7932198022096763 
0.2776757463363931 0.17376269004504452 0.263932630505003 0.1885114798647441 0.9233689891859559 
0.11314917680954881 0.21718717228669704 0.2091109154836265 0.7135001533166313 0.7164941662400846 
0.27577245088911434 0.23168303038542984 0.4485204787612535 0.2535551908024018 0.7964362154890267 
0.48401360026988915 0.21337256341476038 0.6333346958947578 0.40594171267443024 0.4788938524063647 
0.2456981584890922 0.18140928021100705 0.2051557377244573 0.45378584164090147 0.8320953233574668 
0.38814862563963676 0.16256839979233179 0.6541834459452123 0.3422545703722725 0.593884192027186 
0.33240384540616336 0.14555978491088264 0.56958987701295 0.6181692787629061 0.487611214472315 
0.340190415537085 0.15224994509057382 0.555250616658094 0.6090228041357029 0.4570243709586021 
0.2913333798698887 0.12325472450519838 0.5115432134851209 0.27473067359142095 0.8386042838943693 
0.2548006503017355 0.22361553645154023 0.7427074283393905 0.4489322109659161 0.49913656956226676 
0.0691170622232315 0.1202963541171321 0.26934346581150165 0.3642631309258713 0.9111894934739952 
0.3144918624506259 0.3347983700629882 0.2958410314176337 0.5354714722955445 0.6919356565512791 
0.16433817594212502 0.37989071476314673 0.18112694982232896 0.7455763439395945 0.5383262488241105 
0.20009303975013099 0.4412570331491709 0.48491556238844596 0.5049203696484629 0.6479976064878317 
0.5566469011345352 0.48113668711230756 0.29490749426914054 0.3421551172741575 0.631006438095808 
0.17457662270014543 0.19514162321931391 0.22181380439741533 0.8035288321426649 0.573949263602239 
0.02149531720700585 0.05603687535994974 0.1443235379501236 0.37268188301867644 0.9336139267737649 
0.05611265062431915 0.021468248228280376 0.14250941238527368 0.37320573290552417 0.9821382880492626 
0.12922746238131888 0.0632780618115327 0.05609181108638019 0.3753154583082198 0.9923732763594826 
0.06771046185667369 0.13018624796319403 0.36361885417417456 0.1464840302400462 0.924051792803939 
0.546661956164569 0.2698022636604548 0.25435920045850574 0.6828469878738352 0.38273700947128614 
0.3197718045617327 0.13312846267397122 0.13377517147261023 0.16093712915162944 1.0389401396560947 
0.29163160830273394 0.17692086224023398 0.1297385754432075 0.1833372089572264 1.0171406428407714 
0.24725608549192382 0.18434204758084347 0.12215294681854835 0.21208200802850913 0.9780757391465204 
0.23123521980565168 0.17391783728755017 0.10955893827844539 0.2560253370982066 0.9998859723503293 
0.1957765561280693 0.10718462349409315 0.08842978739153268 0.30954543213786473 1.0267757209350568 
0.13181295223795725 0.05202625794224023 0.35320916142543296 0.14698471828362134 0.9816267434967222 
0.32734714542472565 0.12214712610604318 0.15505932534989905 0.16807255464602586 1.0261192404424835 
0.30250272803126044 0.16070584990207085 0.12702793114604413 0.19062491764934072 1.036463082865383 
0.21006740453214873 0.2005706143136112 0.11594892348074977 0.2341381703526921 0.958949190212031 
0.228099370954223 0.09522262587024055 0.09397774454505367 0.2987457238115033 0.9918480309492621 
0.1380006985903552 0.051712360256006125 0.061442327876749456 0.38300293768268784 0.984633544823758 
0.1306239835765048 0.05096726046966943 0.3301846979066193 0.16092225517565362 0.9404668928889545 
0.24671849479475366 0.09958905735533674 0.20908837474511105 0.19160911213705015 0.9856843593040449 
0.2777646199206656 0.10985306301194735 0.1349058626260104 0.2255222427179946 0.9817073537055042 
0.23622788394443828 0.09394246829232333 0.10257401099968423 0.2848534833071232 0.9888051153913331 
0.13629290148354717 0.050361763613148765 0.06912140178537791 0.3848329849735319 0.9969411098814839 
0.12120600699725052 0.05024300516499946 0.3375731121951802 0.1734269661970676 0.9525393968260524 
0.18631494803835708 0.07392464112559424 0.24285025634540558 0.22742880506647534 0.9929496932988243 
0.18363562415609241 0.07491754206038893 0.12517713901900776 0.31101895252429335 0.965748961479448 
0.1150912268587321 0.04756271592145036 0.08026743738554655 0.37678578307268196 1.0332717613071505 
0.12337063251521144 0.048061279831975695 0.32571714121684764 0.19985251227732448 0.9823643416944479 
0.13959557735015143 0.05783143100581236 0.1897620958699414 0.2983934006090126 0.9808874875800365 
0.1063615110294386 0.0434298983031175 0.09876931854200222 0.35554924003192234 1.0385330811348128 
0.10286541919515607 0.04238333675810934 0.2792433825739994 0.25646352612802586 1.020244672369689 
0.08483634695604378 0.034577386680853466 0.11928339539591017 0.3654372210722643 1.016441769883442 
0.051592262399619365 0.1323463799003787 0.3583931018257768 0.15242515509558016 0.975847006751853 
0.12026751560945437 0.3106959625044882 0.1536774393032873 0.16959127882353672 0.940344112178295 
0.1250704676668077 0.3101131763518025 0.12846787364052853 0.19134945276743942 0.94518825586141 
0.2002512913543851 0.22339418821398008 0.11557104744984918 0.2371866880079212 0.9925762276021399 
0.13200652902810567 0.20579423999433136 0.09445786022127235 0.30150377168846504 1.0370798778844847 
0.0518620253569074 0.13737628830222473 0.059156729111172666 0.3899992147527884 0.986957325525529 
0.09656721832020247 0.09641942511397399 0.3369971509821415 0.15442623313440162 0.9463118035505356 
0.17861549382231318 0.1791681237666274 0.23030677153962492 0.17837173281537624 0.9420251288311867 
0.1989698725012121 0.2002185344192395 0.1297503388240794 0.23252672807308836 0.9422508785596616 
0.16524346406529536 0.17186301984699148 0.09856838846270442 0.2970118956824876 0.9825874095872887 
0.09553192403251416 0.0944235907137961 0.07419666372641033 0.37535617310434194 0.9851852329198191 
0.11565635680455504 0.06186892031982599 0.3329678261070542 0.1755292492349862 0.9393593882456104 
0.20083355994603427 0.0907223996036494 0.23459200198583977 0.23580297370199596 1.0038054487500219 
0.10762817550927825 0.0635290405229396 0.08148060931968726 0.3763602709577968 1.0228739242248261 
0.11718824820115925 0.048831959408066845 0.33300122302791635 0.1943975993420366 0.960505142728365 
0.14702805728664683 0.06106303029909402 0.20018970121947902 0.2864695888799967 0.9824611367851842 
0.10417261092685196 0.045102793379201186 0.09682609149339358 0.3616913060195028 0.9877558398819993 
0.10841527109846667 0.04429422931981754 0.3101914368983561 0.23875427569615956 1.0233619175633322 
0.0831153836820063 0.03642256926315361 0.11806426852328178 0.376326766136336 0.9530571818288731 
0.05005558774532274 0.02679219078637047 0.14254641725056028 0.376861709609963 0.9688744486069472 
0.05089386113485178 0.12749562951115323 0.35435266884727945 0.16103284917713598 0.9786472396283541 
0.10574308219675461 0.28458457221364186 0.21912002137902237 0.20013399692980596 0.9822989456037984 
0.11184338132333924 0.28217258929284195 0.13011305141713184 0.2305328422103438 0.9524659226500484 
0.0914780201342851 0.2285409718963366 0.09936136826988326 0.2889323316065278 0.96196392294939 
0.05040605375761594 0.13633044682822854 0.0695435539465431 0.3977475644174331 0.9821945238294587 
0.06751345279219968 0.11440955395916835 0.3360980056860624 0.17762959543478896 0.9960434269506154 
0.10977686614799365 0.19981345647685642 0.2362696857316123 0.21590129710292136 0.9459786933559429 
0.07610893310439017 0.17231499196198313 0.13807154302968833 0.31268442834409466 0.9440990789676634 
0.055582085221222675 0.11034668780255442 0.08439828193645467 0.380331823748549 0.9574219536697545 
0.08996035323667573 0.0906711233237264 0.31689156650294875 0.21592632469748033 0.9321542133252543 
0.08438273173301672 0.07003555056268275 0.21085222853013663 0.30398304142570526 0.9477123465653047 
0.08502207418186442 0.06261164683487208 0.25586728968473105 0.27461796301501 0.9879610622080992 
0.05906755966170398 0.04627640015393897 0.12918370375908086 0.3814375937587171 0.9697837671456124 
0.04576697740961648 0.03354559962648674 0.1467876483465583 0.3977475644174331 0.9817224495493442 
0.050146823970124904 0.12175293514965019 0.35035499938639714 0.1724118952714764 1.0230202731448599 
0.08207932709570533 0.2059277558258627 0.23098963021811977 0.2368947876537701 0.9633168891639946 
0.047932303328394446 0.11650361569278704 0.0803447094739586 0.35520215327026483 0.9771053892091405 
0.04881188651237008 0.11767510510703001 0.340913776567439 0.18959036389842257 1.0288600379666435 
0.06720516764519406 0.1606485298789827 0.2028531305490934 0.29148165133488624 0.9958811418281098 
0.049254929998071725 0.10609301705274088 0.09580488340950724 0.3575843800096207 0.9980924181474939 
0.06267171229320148 0.08697404100455436 0.2601897604582153 0.27751996438952753 0.935936598247432 
0.04024963013516809 0.05632101858035941 0.13195474256496 0.37640909917208126 0.9920395155875605 
0.04793229900447676 0.11564416126250712 0.334183056244751 0.1996667465378082 1.0339805401817805 
0.05802605532386222 0.14464873343551196 0.20381205621816328 0.29588593080469494 0.9449061944429857 
0.04336198556891434 0.10590924310145472 0.1001545326252779 0.37587419767858954 1.0393644740751975 
0.04450961655591621 0.11314386646317211 0.2951180311037166 0.23923328416146047 1.0114628448288774 
0.03691376859313442 0.08513217291128403 0.12039919763264313 0.3772965995256919 1.0393644740751975 
0.03333155399664533 0.04670006572870219 0.14582553758256336 0.36757648499757395 0.9772747119178765 
0.04270112971668366 0.10559536192169361 0.28512833709447194 0.25527723943812486 1.0393644740751975 
0.0340393782723014 0.08818999942276032 0.12018924649552502 0.3770922884826113 1.0393644740751975 
0.026957834902134256 0.05021467006885734 0.14087317856355835 0.3968787202160619 1.0098305996947305 
0.19681116709074184 0.271933332726366 0.4601605869455809 0.2295217189421178 0.8005307082936082 
0.22453467603183092 0.3402366864405241 0.4384159558194792 0.2437997526410282 0.7718177271089499 
0.4609209911014453 0.35482061428544137 0.23803776717315062 0.26860489279442684 0.7403734695952554 
0.232616276586809 0.405752473920247 0.19287214957592952 0.33682765509895124 0.8012344553772834 
0.1873720333151882 0.3121677436974476 0.14961646792585953 0.5328967171035646 0.773340480145648 
0.13191610887289643 0.2513122841299405 0.11164506078600349 0.7848487309203941 0.6594524781565893 
0.4727989919166591 0.2171590223509616 0.40626467021257806 0.26398597384702666 0.7355332580672185 
0.45407992682842274 0.34679627901441934 0.2338547957367404 0.29066423309091255 0.7404610502035855 
0.19163009465921774 0.3891877080429248 0.17133681758826272 0.505362628908873 0.743375937734675 
0.2261499149063352 0.18743022280851906 0.11607442591281553 0.7548866433672198 0.6221281343254892 
0.46557246503602306 0.1934684183263195 0.40183898632858545 0.2744473868315133 0.7275219679927337 
0.48499451054872805 0.20051619836449144 0.23209277755557536 0.46463148141438093 0.7003725001900373 
0.27999361587171306 0.11918805327320013 0.12173746461606312 0.8130507322640914 0.5790783587029136 
0.24757975841891972 0.10995211126823602 0.7103652089568381 0.28788579541321213 0.670213901929693 
0.27446773455509577 0.12201120205648137 0.4005168751499645 0.49179803536218386 0.7382615820844292 
0.25716616189815156 0.10131031500217544 0.1672949681769728 0.7746672700012758 0.6168944654496616 
0.2358661390718591 0.09583654143817275 0.6055054235318361 0.4177238482158478 0.6747479791214426 
0.1708303196984799 0.07105439969380502 0.26184100865253135 0.8258433426187752 0.5834567180450111 
0.12724578365448208 0.049439669895876635 0.3335763857273199 0.8790704206947804 0.49730816997438787 
0.2207651495862886 0.3244087729671858 0.4514650473084551 0.24380649054050274 0.7715968643661792 
0.3721471098244595 0.36546464244618976 0.3951789519301137 0.2635117476619646 0.7363453865567031 
0.23059288059687713 0.5561053750630508 0.23426663916572765 0.3151028914159736 0.740536844848093 
0.22209616789782533 0.3029323084686969 0.5434503657930445 0.26284554778809915 0.7303506788775138 
0.35206749767364626 0.3596258012568359 0.2072178969469937 0.4868559072061443 0.6923331199362209 
0.2120756826770801 0.218492734242957 0.12184568101400645 0.7920521854806353 0.5568185407793582 
0.2482427315375675 0.1415993702543117 0.6832864992521598 0.28671179212319187 0.6655719586162 
0.3056436083871134 0.1505450472628885 0.39172699346930456 0.4828216124367247 0.7342645492805936 
0.24869848298126673 0.12245253259804968 0.15247900630746739 0.7592687473604829 0.6026597225972689 
0.2485568668302302 0.10127033894113369 0.6549041391934775 0.3894662384883071 0.6275380310678228 
0.2012311244421283 0.08280333017415124 0.2390292777550204 0.8001125474622586 0.5604949873939779 
0.11917621436332222 0.04977072828348974 0.33259036986505636 0.8107379988573133 0.48942059542002037 
0.18737755097952258 0.263620831299292 0.5781628364417031 0.26325898208062987 0.7311114940161862 
0.20650053945589142 0.5078398256185805 0.42696648277168797 0.31360377704910564 0.7257323967925241 
0.19097657729844736 0.4748959935948625 0.20843209361545267 0.49066057950656883 0.70513201615983 
0.1182145333727517 0.29267287557840876 0.12195333504331272 0.8576861435194957 0.5760915019437338 
0.12125858947988813 0.28675741038342606 0.6644190532802914 0.28584008449290255 0.66788825123696 
0.14165091468474597 0.3498089706978167 0.37885218909246227 0.48833887544968707 0.7203525350167327 
0.1077527649906475 0.24520878673654015 0.16941774817091573 0.8086254967862508 0.6053538996470748 
0.17880721739968583 0.1712970607588901 0.5986346958503994 0.37225828916551174 0.6983093104170963 
0.1023105342688486 0.1300789421953962 0.26982678972979196 0.8157278408568469 0.5974588269714061 
0.10554831848838372 0.0761802019652804 0.32721520677662097 0.8288563274465979 0.48884479863536334 
0.11048386916480493 0.255064474077826 0.6767279477405124 0.2875959217357512 0.6680185377343655 
0.13676024624148989 0.33926204778420194 0.3828563704197312 0.4931829580910793 0.7216036069292154 
0.09994813989767733 0.2564943476613975 0.16639960153518638 0.8275101901136942 0.6093939576683475 
0.10557667132912502 0.2618220846418759 0.6470053443551506 0.3923204418345607 0.632905983606468 
0.08208185043648189 0.19955309537723434 0.23752700375687305 0.8184808864871493 0.557896602566776 
0.07384804912530411 0.10778607088738862 0.32205479843770546 0.8359960860581903 0.4853037402075628 
0.09769015347423016 0.24200228063263687 0.6146498329180579 0.3721772997885267 0.6672969064596047 
0.07286907940841714 0.17205060213494927 0.2612535398048721 0.8184808864871493 0.557896602566776 
0.04952034973214947 0.12489130337162024 0.3353045051610716 0.8497360993734576 0.4924006457413843 
0.048849842165259415 0.12343665978895511 0.3269682198021084 0.8324802229026791 0.5162479959294176 
0.23830212543656823 0.3845576506470317 0.5497921241693183 0.2874562341031377 0.6643603199548715 
0.27836205343854076 0.4400839747197318 0.5218437022282787 0.30211990794738913 0.6154736902157304 
0.4819588134265223 0.480645798678161 0.2762007616867706 0.35804183422770547 0.6058931829888785 
0.20126967613815125 0.47812845805885335 0.2061608668072331 0.6084174950028239 0.615410094886336 
0.2692564649868233 0.17248338916636144 0.125542785343396 0.8302726920603545 0.5213296399280367 
0.25204345380454596 0.4297013889306576 0.5458536399473808 0.3020733334334881 0.615690320670614 
0.6233052018580906 0.3473896135724425 0.37225922446050463 0.31914098221270476 0.5566057180332228 
0.4628540470434191 0.37630458706899855 0.24873879506391594 0.5340944886426389 0.5565327402643799 
0.2312416833624578 0.23037767587276045 0.1278652679053719 0.808218590650217 0.4886930172300023 
0.329656433636421 0.1450473366348197 0.7741155422972599 0.32340205685829215 0.5495963061081103 
0.48861661591901806 0.20676399426995148 0.4061659691919401 0.5441115108225112 0.5740469097293575 
0.31248671604928085 0.11654604523733163 0.1525426545218361 0.8954685766391732 0.4681818799995924 
0.2791382643579621 0.11463115323112423 0.7299704467899515 0.38857587620501793 0.5237723796637702 
0.21211654214744577 0.08920136982933197 0.2610253967897027 0.9002861824768551 0.4678643024874251 
0.32446206483080836 0.640873336391776 0.3002791706769877 0.320211931210962 0.5483747545150365 
0.27873915740968397 0.5407468554094578 0.24917221834787806 0.5254998249560896 0.5602028894623164 
0.22213741213233945 0.3630336209233832 0.6629315315388605 0.3192146879557596 0.5528018480420714 
0.32190826368278297 0.3969377598999561 0.4145446936413545 0.5029377174623871 0.572079088422428 
0.22270540099059866 0.22272927775374646 0.13309078922156484 0.8852479569400643 0.46870035867194515 
0.2783480383043874 0.14968577181301296 0.7884922707427605 0.3779088666830431 0.49683618626775916 
0.2143253581289622 0.1114692780656301 0.2516212747008723 0.8857878444096094 0.4602816294237721 
0.12392117456971527 0.05186424803699616 0.3432480762108778 0.8548903832315506 0.4159098093685287 
0.19181991264334972 0.3818017930310132 0.6584681940924159 0.31906416946046995 0.5544481194515076 
0.21254987124745559 0.48089266735810615 0.43746680835063295 0.49362196462547253 0.5703462872582946 
0.11732091831800165 0.30123284763057034 0.14372841071025522 0.9097472957227275 0.4780470222596903 
0.14558424256487218 0.268267011243809 0.7702961171671208 0.3741393140404566 0.5083214551009306 
0.11652010355490777 0.21726354416475485 0.2536217930515011 0.8860426870169682 0.43666141422661675 
0.09667997180489636 0.09794097315002175 0.3644230113319938 0.8796607934866266 0.4200963273707423 
0.11598590515837187 0.2976522253989959 0.7394772826228388 0.423967899856408 0.5139263820602215 
0.0880047663803018 0.2206955499677304 0.2538104200548103 0.8629466655079432 0.48051374727779833 
0.054141394800303014 0.12454603831250065 0.3492863971825578 0.9069422234038014 0.414987989152775 
0.05144705026430061 0.13934738093861196 0.3641322543738214 0.9515234357635579 0.42619929964211395 
0.4102636745449758 0.4137453194554036 0.5209186740415208 0.3189554653477038 0.5545088522628405 
0.6185774666024038 0.3459980402202908 0.421492560861206 0.3313865067651907 0.5018964223505594 
0.3361663409216434 0.5253622927189433 0.25638949112751647 0.5503704640901074 0.5035146557780349 
0.22719709397372803 0.2396761739043422 0.1303643354729513 0.8222783468092474 0.45601363600352207 
0.1669386071542567 0.3722702257577225 0.7451467700421033 0.3312189758890574 0.5041758815551564 
0.7054144276059315 0.2889330750721084 0.3189633820357786 0.3422881237407324 0.4699544720398176 
0.32710825022386575 0.1424207787881074 0.13276746998675085 0.889824322192736 0.43051072357510994 
0.2959660352801266 0.1285976175428004 0.8637094048453001 0.3555052907676262 0.4367499294109968 
0.2822713642423901 0.1058339746045638 0.22508801193314104 0.8843525964538034 0.39287356478516133 
0.2928017374063053 0.7095313269122924 0.3189332312175856 0.35317466652288426 0.46227895238314864 
0.12967863859502968 0.3332089632625526 0.1328138536400403 0.9224024215891803 0.429175791827053 
0.23361341117837703 0.23210301219049853 0.8444879222741104 0.34533888121950546 0.44148006591694033 
0.19128971933031147 0.19683869734226264 0.23278450261263461 0.903772865458827 0.4406553176102776 
0.11883861508588912 0.06890844867126052 0.35431924310796153 0.9179329685662151 0.4078357581527757 
0.10362967371542327 0.2545455312316807 0.22487024229240776 0.8531005345281331 0.4106565399338475 
0.0701706081612654 0.11836368049851341 0.34762343154966235 0.9070730524506497 0.38856800735736213 
0.7035869739890805 0.29263198578336375 0.37679098073221473 0.3368765986346967 0.4758749350042365 
0.6386567476083311 0.433521622574521 0.3104354057505815 0.3981192550064309 0.44393802651354686 
0.28310952988194865 0.20742822309200407 0.13297440239341635 0.8848663813431564 0.42043427346752166 
0.4426829770880539 0.19245936481734288 0.7702991893666765 0.3480799314771738 0.43313694706416817 
0.3363671629720408 0.1241593016595856 0.13654743713537149 0.8822087682699049 0.40672006224458424 
0.13387189836656085 0.05166416626152653 0.3472576561265058 0.9332792300412546 0.39652389851594777 
0.15787136578628685 0.3059704754250025 0.8144629063456991 0.3471899295635194 0.425959048202592 
0.12178964119080547 0.29939444717746444 0.15593104745522515 0.8577057452528988 0.4023408303175948 
0.09595692701963078 0.09656265290169015 0.34840133493944514 0.9069053540544723 0.39350199875783287 
0.0526027940993577 0.13136371686121895 0.34860586658091924 0.9076648571946938 0.39580987444315796 
0.7625743130253227 0.2987185203915628 0.360861238424978 0.34783013071832625 0.418619763877599 
0.2538127142274023 0.2348743679923087 0.13449336155279282 0.9083435105507963 0.3965846704751155 
0.1357812147397615 0.0517813620405884 0.3500533997350793 0.9549353558743163 0.3887384441305441 
0.05319954031399119 0.13149629633898213 0.3327077768241921 0.9107445774498494 0.3881192872824081 
0.06398632183820677 0.14380849560327527 0.06530477987181589 0.37877934362762095 0.9257233341252035 
0.21344589684640453 0.15235113023168612 0.26756260125596565 0.9311715322107577 0.40929820217512725 
0.06059934921879837 0.027728877026583335 0.1542104333166084 0.3618094200973287 0.9688799861176118 
0.2828707097396683 0.12864155728023088 0.19473834980475208 0.14811426170006903 0.9738564532814336 
0.028333809082970045 0.06052845158486973 0.1542104333166084 0.3634452327029969 0.9688799861176118 
0.5093118008988908 0.371550165274566 0.5665365240500041 0.41427252408172377 0.3860995200925944 
0.3386419786663152 0.6554068152449981 0.43492586522852905 0.43356454548294965 0.4211569371095247 
0.5225886646757074 0.27866943709986064 0.2768745927351276 0.5808316518520026 0.5540680848552254 
0.29128036646150973 0.15755841933811132 0.14484821497191852 0.7279205690013487 0.6230367666316288 
0.22008766186043602 0.0978763745105262 0.543423377520558 0.30654961369464695 0.788596970504211 
0.2834928320619498 0.6723745091603877 0.46862139658540275 0.3479818867848598 0.46997219060847967 
0.4205305206948899 0.21125366830974912 0.2183806065842601 0.6384585000467348 0.629168899767437 
0.10204498141407284 0.2580783649586775 0.6518404199176385 0.6042992923777402 0.48953547381150714 
0.47266746509141094 0.6312597289105696 0.36155882687419794 0.4170200704121437 0.4470711916892442 
0.34258245970956896 0.24436358470738218 0.3729087758028095 0.34269608976012145 0.7790278356059774 
0.22607293357958605 0.14137899358258407 0.1978063841421808 0.23712487978878213 0.997013901058505 
0.07600711128785027 0.17088971129735353 0.07825146015935866 0.4510020362802921 0.8916267575420715 
0.09138520384349075 0.21677940561608572 0.11984931801843016 0.626707335925877 0.7980397584975806 
0.3729042847983837 0.29589458145074415 0.5184846953454437 0.4256658904230982 0.6573496337019027 
0.2745713638717214 0.15602715157023211 0.6917848842533907 0.3945108024490852 0.531841048970571 
0.3006490474619976 0.6955796227908082 0.43145931567467355 0.3609536600119396 0.4406147750006773 
0.07360723234407561 0.10724813790220904 0.09606552636452843 0.3761020809655123 0.9347535561417986 
0.3141964868196118 0.3222271983370725 0.6778550457937123 0.347261894844284 0.5555866038404406 
0.31650052055334543 0.7078672169520931 0.4032079434205177 0.35219153852760465 0.4117629486882119 
0.30016589024594104 0.4053687342384621 0.5289271561014702 0.31988761111501823 0.6824366863871443 
0.2566385397100095 0.5653894598641825 0.5206790119345025 0.34496877550591293 0.5432650793862256 
0.2873356332634467 0.16348540001471926 0.5972306892605219 0.5262183702132156 0.5247259829885035 
0.19126692379550264 0.33079122077480183 0.7455268052115984 0.4636660944017742 0.38744658192850956 
0.2851641824850872 0.17336343177271427 0.8167936821380032 0.3791058426608043 0.43645514546889497 
0.12444652298087634 0.1874822948206667 0.2348362634430412 0.7578199885983766 0.5967529272385886 
0.573719312620835 0.3584606179665669 0.5561097354722564 0.39208320612728265 0.4543746628266614 
0.415660692898753 0.3256422423509094 0.26722298384167514 0.7457034572780522 0.43972540261718984 
0.15754093746487713 0.13118635138363244 0.4520999841307092 0.6749716727215215 0.6141514534537684 
0.08975975278128755 0.14786955192662585 0.22787572351499483 0.6656185905364332 0.7205803430545036 
0.3823937458030479 0.6817304673569412 0.3264747279830375 0.412555211756569 0.4334203839571026 
0.3240038132706212 0.5601561512246305 0.534066813205025 0.4703826612588215 0.3867166377601081 
0.27994771800621393 0.12231654735090676 0.6598109887148638 0.37859006519406735 0.6213833290632562 
0.1522708100028859 0.2563674313222078 0.4423556023960869 0.6465621623476809 0.6428770299093841 
0.45810924875373427 0.22596818462475388 0.29742460010086613 0.2987471580679765 0.8095192253292696 
0.19798997582791053 0.4633863268626386 0.2040994472682462 0.2253713617820431 0.8424430716822457 
0.2522531826249671 0.5390955809155253 0.3224852114794847 0.5405947789838131 0.5787179154691999 
0.4622195492790974 0.6083814272703055 0.428229372339277 0.4087094018937707 0.3914190429256641 
0.4385071471915018 0.25473726741569025 0.22325559852975096 0.2519536854542482 0.8058677789181546 
0.6367860143274737 0.2803290034839385 0.30133952922297863 0.5673883105072701 0.40365069092432326 
0.12876780180266467 0.09241443702688415 0.3229012878859567 0.912549855123488 0.4358935028094761 
0.2236389458499923 0.1931840103783948 0.13701181565743156 0.7675991314903158 0.6306627151922234 
0.5947402697910762 0.4253624865727435 0.30548270608879025 0.3401287152267413 0.5821965906014698 
0.5163522518973923 0.4486265766445927 0.29265027892104084 0.40796454691975664 0.5823377350636618 
0.22219966347512238 0.15857355363055928 0.24198976027253616 0.9231459916518786 0.3917113517739157 
0.4210115523368397 0.20905506133714385 0.2224653324179859 0.6216219798159918 0.636804107679773 
0.3575100038188495 0.17088036871071408 0.5514405716245209 0.29397182159474733 0.7338242776022498 
0.1021154261397286 0.05086982277855031 0.2562787928684583 0.4070445812590318 0.8981568408583367 
0.18234173925491182 0.25410716173549064 0.731025860190024 0.3290935548542536 0.5648602138512089 
0.27339930337635165 0.13871427287093718 0.12731968003909783 0.7853173519988706 0.6026102651731148 
0.33415852564139076 0.20934639654202628 0.5492077521005606 0.2933501226397997 0.7652570366015191 
0.1174638141602048 0.26012642930665075 0.6425470950883847 0.38236809615824735 0.6493336642249157 
0.2130445857211553 0.29260003544972785 0.6221130268095915 0.5319785847512722 0.5194717809167618 
0.3940394795232477 0.5326077125002816 0.3069873539425455 0.5307117765303908 0.5130201514964646 
0.25901389693614746 0.576020319383551 0.5155930484895525 0.3706887552766993 0.5391008839864838 
0.47382032468385255 0.39573268646800935 0.27011831996684 0.31867171327702687 0.7135569548185193 
0.6475605977230917 0.28930247903724743 0.4365621378653742 0.4608325441307554 0.4653693452725302 
0.24519660905060772 0.4122925493661144 0.7086618058742519 0.43203017285488726 0.42459102319026876 
0.033115810704819705 0.0753133616855905 0.18975356509735156 0.3424214166791448 0.9383759291111173 
0.119926682727166 0.17027827334990653 0.42387400531932523 0.26572102797157243 0.8750737316258245 
0.23601089803549888 0.12550475879337525 0.6371607508211325 0.6205962858810844 0.47814221563526915 
0.11353728925974844 0.09602588933426778 0.34247048498776006 0.1516081256575144 0.965755377159118 
0.2252297528027922 0.18320304163367074 0.667396723219558 0.2971459152971921 0.6903173499629226 
0.7072360715275338 0.35931507749535785 0.4123721428805844 0.36745908627428364 0.44667047741856974 
0.4984793071964045 0.45406398114536944 0.46816353858286985 0.4472182304860946 0.432562704575184 
0.05954292574407997 0.14602432804190743 0.08549317923679042 0.40996709067811304 0.9273175218268654 
0.2648562744879831 0.18991288721778404 0.16534110520220716 0.8640303042957657 0.45798038830495724 
0.36307301304548356 0.5491445264291289 0.48573053132318433 0.34496877550591293 0.5272032377801161 
0.18957508015267674 0.15185723306798338 0.12987367586450185 0.6640072519322547 0.7602060693480069 
0.07712745889727204 0.05532662005303116 0.1935880468942312 0.5465710835343566 0.8482168861023046 
0.49129569804347006 0.36325159219932285 0.39541043386186076 0.3846593938266368 0.6431534608212848 
0.409967946922899 0.2970466472766553 0.2332685720397057 0.4901039947489096 0.7463400285144997 
0.12339168555973606 0.24410241427633395 0.22259927811437236 0.8169736464403932 0.5107568069886386 
0.16055988724787662 0.10261526156971389 0.4710094707569364 0.6543541960887096 0.6098295813960644 
0.6427451309187442 0.46773529071257797 0.32499386305217737 0.4427689822480383 0.4331094672673189 
0.19245745189095076 0.33694702284189504 0.2973600443216518 0.2151626483905102 0.8776705465063689 
0.4270370428854697 0.5721027381790873 0.327761502152714 0.33273018368703594 0.5888688323099672 
0.04988648344822067 0.10603415778174258 0.10729149580608484 0.3761020809655123 0.9547261559698399 
0.14196146546689128 0.16931339812508645 0.46565797932452146 0.674281768953665 0.5884680659483306 
0.19961195415812333 0.4953746635426933 0.23053687109953416 0.4843231903483705 0.7122612242764619 
0.17498038554216094 0.3397906862537099 0.20610928862817854 0.8401861780576975 0.4002630491876238 
0.5915360254779741 0.28714773777425456 0.3740876863995844 0.559384916591819 0.4619715111035475 
0.11176617529760016 0.07247227723137017 0.11108567375876037 0.40505632343302606 0.9195975043597271 
0.48074756525593165 0.6375137870660256 0.3512353476920058 0.4069049431221727 0.43430132975718866 
0.18834553832806367 0.13777301247515905 0.2624762687429813 0.8533360546033694 0.43946343009144523 
0.6249086042240846 0.4819410788269767 0.3225810372591361 0.43552507708271465 0.448122787670642 
0.18078542747873497 0.08717953139412345 0.08905416411305062 0.48899703481401186 0.8574621754368089 
0.5411417443093274 0.4286645616453786 0.5093529258604986 0.42605460438736664 0.4250813882831697 
0.24809664191594513 0.1553459285697217 0.21207839959003683 0.18373187613936148 0.9909420197598812 
0.4486206541288802 0.6004861335043244 0.35313863775541554 0.38135089587823245 0.46850786768416436 
0.23103292359412977 0.5009417059355125 0.6195446609087373 0.3685238506052782 0.4676386871144885 
0.30140908071864336 0.5264318821689996 0.2971646636485311 0.289798500266705 0.7172060676237461 
0.4932369936482227 0.31119008279715726 0.4120768490081701 0.525594909232909 0.5739645124285424 
0.5990888415436092 0.5076830406613183 0.36849862877591094 0.3592589652036521 0.42482917422066546 
0.0843722165495988 0.03825150486417472 0.18052629007086352 0.4387357548973562 0.8992660859923056 
0.45208010486311134 0.24528395058848737 0.326804716005182 0.4649835219422317 0.6953536300890648 
0.6699834040437918 0.30791640343851917 0.4121632691148184 0.3815257661470728 0.4533267066364446 
0.18673793584396156 0.4399309476591083 0.24783432864294894 0.21677170508112859 0.828231465710201 
0.26185756568354757 0.5210119716031778 0.31702013054027317 0.5464732047014284 0.5711497466190647 
0.3636430881476732 0.18861332174026402 0.25451386194061154 0.8022157987636533 0.4237639653203746 
0.0985983411010589 0.23999794868588578 0.5683008143051627 0.5598177981478469 0.5957843323311698 
0.32509360193330866 0.5526976322256942 0.26392013798381125 0.3343263684352389 0.6943773517969556 
0.07594538264801354 0.03400940654145305 0.19163982061109505 0.4387357548973562 0.8992660859923056 
0.0816123452176698 0.20385100732740122 0.21186630015924965 0.2699899258805495 0.9698176498307713 
0.5333147424288338 0.3897036203264934 0.47669829476809134 0.5066517721679287 0.413346528650305 
0.30210233279903803 0.5151608828803348 0.2924251879283427 0.28252220243429294 0.727971617873344 
0.26567843214473813 0.17625410471610772 0.17550112085977745 0.8299440151670304 0.569439920829045 
0.5601890709366089 0.25508754211808427 0.36070303460026576 0.5158273884760105 0.5612377149228018 
0.3168958642510228 0.17837804846597569 0.7206817597664341 0.3633407691027666 0.4917568484641686 
0.05002913691126221 0.1118548702460391 0.20713258487702238 0.5263931455464844 0.8424430716822457 
0.44465669856273854 0.5951803137000239 0.3500183492536113 0.3779813274188736 0.4850231217130274 
0.32157771523151346 0.6823746186683244 0.3863250205826407 0.3730240035137679 0.42621274603877324 
0.14415298204318475 0.31744868595535464 0.7796922303991544 0.3761292658725182 0.4327713243817454 
0.19186917904225795 0.43399454568596013 0.22184371488135352 0.5022030094720751 0.7645482326028167 
0.14278014290646923 0.06007747622153969 0.06599072881588654 0.3624415847596961 0.963165688603049 
0.4558347825313619 0.2658778300560309 0.6096294935262139 0.38461262289713105 0.5009540334730066 
0.22457303761319522 0.5122809389871733 0.6149224972742404 0.3844749412839933 0.4658030248770361 
0.24073199761173686 0.4734268211517768 0.4424025389161466 0.614119555116949 0.5107568069886386 
0.13978724638115758 0.11788296163321352 0.24869563040792664 0.7094448340558908 0.6761080380905663 
0.18424018592956423 0.26648320627267646 0.22583032799073816 0.17552894995488197 1.0140449494975852 
0.15513220865679814 0.17231447843858705 0.3417718089018349 0.19317173837796442 0.9083329237390786 
0.30528549189836607 0.15940543050187678 0.15126447122955483 0.7219524543239888 0.6195328491615625 
0.1491710507728392 0.07995239698114014 0.40580693884307456 0.7785365668379507 0.47712043055634434 
0.1935458540600448 0.11439152323503858 0.31026986186009914 0.7890031548850049 0.5415619803878301 
0.1686467046302488 0.37709626592351725 0.26115302066368745 0.7950230101272155 0.4237639653203746 
0.1064860331743041 0.23491295998149422 0.1238008582190324 0.28071895302432526 0.9483979077009624 
0.19447307808663114 0.44213480262429994 0.22380645251111234 0.2309687668904275 0.8940843344605838 
0.44695432556247794 0.40341813768822204 0.2632219492059654 0.2746149824185339 0.7537246367183885 
0.13833611384434452 0.058884421126457566 0.2917369315255684 0.2867846530938296 1.0013336240630009 
0.5474973549272909 0.3974080041871398 0.47532399308675793 0.4779678532206144 0.4184000725161764 
0.3048703352766433 0.23309693523778996 0.415494700650489 0.3363090185663026 0.8194808743065822 
0.17461467194397154 0.09741582976567283 0.44962484326134533 0.7749226999087159 0.45059457358727584 
0.28231814738965155 0.3837471099064554 0.5857276471315093 0.33040721896518904 0.6630024360310922 
0.15957829022277875 0.36570206786171894 0.2731178809902794 0.8201728443576086 0.4032045965193484 
0.5662977186242255 0.5049435798242247 0.3272259631393071 0.4842439158252137 0.4304333941833813 
0.12027566754256062 0.07814750462733461 0.11970738590197019 0.40817448925335437 0.917715649055612 
0.5261113228930718 0.2802739454948082 0.2724395521839571 0.5898666175023052 0.5358399054416808 
0.2947101489458282 0.3515658641336901 0.2099957529727973 0.6747028551963163 0.6044047371342128 
0.3004864276939302 0.14321893983680503 0.7912279565945716 0.39840807036480647 0.4425657182262036 
0.4195285241688515 0.32239989289336396 0.6103792384884329 0.3910498677814771 0.5009537030255603 
0.2845510491960638 0.22185037069846975 0.749997118387345 0.49675734059955695 0.4343803447206453 
0.26819708136562403 0.161420821271996 0.1780845923956159 0.18970881018678137 0.9869530345627765 
0.35270445953350266 0.5286405707283234 0.32212521773182173 0.5048344799301514 0.5281487513084026 
0.3067458095154981 0.4116842394680476 0.2235765817045474 0.2589113619420423 0.8381578510841046 
0.3688339963999084 0.3131181040141412 0.2106091411505414 0.22596839000134947 0.8329747237465479 
0.5790884039066199 0.3587674440292863 0.38429638151779155 0.4299764235889547 0.5449636963114182 
0.6072586291542484 0.4712565364238756 0.428229372339277 0.40990343767261594 0.3914190429256641 
0.16539737509659957 0.08029955768544493 0.08109892120835306 0.43632451616227325 0.9017455973486517 
0.2949511250891328 0.17433975916295316 0.8162753379160947 0.3677325810010382 0.42996086344062123 
0.43270441900554185 0.36467186483856084 0.5914478190738751 0.4768643322247056 0.429939945790894 
0.10737027143630958 0.22333751052484468 0.5063640021969834 0.27803736709491167 0.8592550405905304 
0.20876547536353635 0.4869858663841098 0.22148516872697224 0.4810885690848584 0.7063933081524435 
0.07064307682022276 0.17426350366896332 0.3125639434910131 0.19514713937007758 0.9321623972393754 
0.2046250213208716 0.11359919403211287 0.26322748886345787 0.8393270325691466 0.4394634156949027 
0.36264793301398823 0.2595356497621693 0.7082491687436047 0.5028333555712279 0.40004777826378485 
0.5860259151860541 0.425782904063219 0.3265540990491196 0.4966017866624951 0.4358850386174987 
0.431588518420461 0.28406177252962583 0.3898018541250545 0.36344821140216965 0.732660618222908 
0.23665184251704877 0.3442332577489091 0.7557166328956316 0.40626722818451866 0.4013395239364367 
0.3891606614815194 0.6188784494721356 0.3189629629304641 0.47599752944543616 0.46357390219109296 
0.2696647697294546 0.371719530259461 0.5745104649529899 0.5290935090679472 0.5296317065306239 
0.5569261414072975 0.40574654700621693 0.48419707673272727 0.4503070615759583 0.4184000725161764 
0.6591777964522562 0.3251477904331388 0.38243522223938803 0.4219760678643587 0.458971029088744 
0.5282790167675543 0.32027057291201555 0.4604129488199507 0.3511564020531485 0.5690558687663674 
0.3384863130533408 0.2097442015331717 0.32866914590170254 0.23131846431666933 0.8694098859326788 
0.2274903697281923 0.1859390188418037 0.6377954435818818 0.2941593260040019 0.6914888221599977 
0.4371721826954974 0.37678498179667236 0.39882439046522644 0.5371952304305032 0.5366964051024299 
0.7031227530806182 0.37742657585104367 0.3470458652403585 0.37569255334201396 0.45199990395690137 
0.5486890833795505 0.3373420546307097 0.28082126863888024 0.5149479666889138 0.5249770815460661 
0.13088939553642678 0.13242520209946848 0.2520780569926069 0.7048439121289645 0.6709060805702858 
0.26446147101362866 0.6175326956625132 0.4751000561812981 0.3503595215334996 0.5384040333999017 
0.350483819844374 0.1621567609468825 0.5493897933609301 0.29737169616420495 0.7399517582783854 
0.5398926644756907 0.47405521074234036 0.48001408775409315 0.37056699913328717 0.4327278928952899 
0.18218044921747653 0.4008566783829624 0.22481537671877974 0.2205903031494425 0.8834350529107167 
0.2528580258145786 0.4730634037683273 0.23967851542053414 0.5518694305048016 0.697818248887992 
0.1567877783732631 0.21111603221982345 0.5227661153855102 0.4564503862996145 0.7165424249186351 
0.12022441242171329 0.04904528275044428 0.26624446258289264 0.5957046207372267 0.8065241086484334 
0.12484305333277411 0.07900833430835646 0.21760079237864843 0.5601841351958394 0.7992005068774091 
0.10890139306154996 0.11315284015603255 0.3735123949665109 0.8248258631557229 0.3957621156359408 
0.5417337502919944 0.31530923665559313 0.47331332126722947 0.3840301892686434 0.570045576723461 
0.5378831305528081 0.2701818687060758 0.6301318437350373 0.40304475734998585 0.38807572860026807 
0.08593018988870264 0.207069305118341 0.2708505496852379 0.8499428317077005 0.3976106312871106 
0.07693222831956084 0.2063042832682263 0.4658938195938207 0.7711194974036304 0.39023342067691286 
0.10618845183157828 0.25601344131385606 0.665076314475722 0.578151641093033 0.39034840450246056 
0.12614509296094284 0.30202622048343036 0.7839354387205919 0.3536809640743074 0.39517100166132246 
0.36773873041106503 0.39126995766002276 0.23221452277164747 0.46805078810713896 0.7210299857076887 
0.12398717654288575 0.3307876758643181 0.1346023891937319 0.8433123570426202 0.4088576755028384 
0.14911858954548673 0.39892296692738655 0.252009956702338 0.7894488762606943 0.40943657753584556 
0.17451362012656976 0.4458338069006967 0.5247151964723257 0.6035572032802015 0.4179734606680916 
0.16667844186238331 0.4484040123695304 0.715821948818087 0.3850284426596675 0.3924722104488739 
0.5505753107087016 0.38462969455076695 0.40477984318791027 0.34843046539754696 0.5865207029605757 
0.08146116830100042 0.1973138635414611 0.5019443076649441 0.3844464657209196 0.7972691615742565 
0.32528224339983547 0.13836423914032706 0.41779447116997487 0.43720736928985837 0.757079352734582 
0.15699346381180246 0.36196073173850424 0.287217596647877 0.7660633513032138 0.4754254097301078 
0.2693230075309308 0.2231834461902875 0.6427534622637502 0.5214135404005974 0.5168196743254911 
0.1952339845688337 0.3214057092816525 0.2965609180528568 0.3537191942513446 0.8265870874631251 
0.27538571757735314 0.14947364885144143 0.3023329314779424 0.6874140734882817 0.6448395394823505 
0.2879481795408692 0.3056256289951445 0.5329693184661933 0.4862917996434328 0.6094212720819291 
0.17985868501207403 0.40535525765921016 0.294554280288338 0.7626545365048683 0.4887324428030264 
0.20975597847296026 0.08718433896127474 0.27091326737034005 0.8525723294809853 0.38711262714183636 
0.20659858048539892 0.08104881102438767 0.47427271251843145 0.7633959257891083 0.3895244139948384 
0.25522777140526903 0.10650029760902494 0.6660079655533941 0.5712424922659576 0.39217165950644234 
0.30216757736531324 0.12449763451198727 0.7920025996510913 0.35126623618681707 0.39737320011830596 
0.2232949846046403 0.23694402156225625 0.13456450319356575 0.8498059694657997 0.39725947712357107 
0.24440908814624598 0.24624068059435078 0.2814167429330835 0.815909244843762 0.38484635564003294 
0.26133869560991624 0.27699142873787985 0.5498514573664125 0.6378006966371952 0.38612398736697523 
0.25946492276999716 0.2516942568003277 0.7577991763446045 0.39402239755755214 0.38640479678096107 
0.09308602433570301 0.1599468911237094 0.36277242232221013 0.5233482516945367 0.7984906382914371 
0.2200429446971537 0.42801441898495884 0.1835479141070186 0.7772968870971646 0.4090895486941058 
0.27367189851787804 0.5197546540853911 0.3080015106658641 0.6494404714536567 0.3831685346021419 
0.22435085994032916 0.09908646597804878 0.3968897570428212 0.3054675079331751 0.8493589958580472 
0.09072614652015061 0.13255310937431494 0.21671014999770047 0.6216067309982157 0.7975206768472387 
0.29860975960261094 0.7997627132120309 0.32469908932636954 0.40789326696940587 0.3879905158941406 
0.35606001796294046 0.33501049945679606 0.34518812817252353 0.37033993145208444 0.7714194877214362 
0.4231519199664773 0.21389966746196454 0.5016878528134512 0.4466739049884567 0.6367926351934985 
0.3160394055259775 0.1243868455566451 0.13584923579443373 0.839881494431185 0.41486471247938317 
0.39192435439734896 0.14653908999325055 0.27933179619410714 0.7855730390793791 0.4014802638285378 
0.4543573808223091 0.17317078972865754 0.5299263594204839 0.6029855911838884 0.398400343065771 
0.41553869321017894 0.1610551084941128 0.7353079868856927 0.3671194416710511 0.3873791822108687 
0.16109354862505654 0.33330397965135183 0.1621597401888577 0.38191428797413474 0.8430593342488101 
0.4339328452747626 0.21340862855431073 0.1835403646937344 0.7770400196593953 0.40946680783809364 
0.5262472107484625 0.27749388241113415 0.3113954069267883 0.6449709902038505 0.38572878543000577 
0.5534488123531092 0.2873257008273102 0.5856707290369405 0.40860837888446383 0.38371063742780387 
0.18578609655122996 0.10150022352805 0.24774986181996794 0.5465350007504924 0.8147004352442822 
0.5492301833394898 0.5442390820691526 0.3251968832646493 0.40299791365326654 0.3858716518920781 
0.08013450096958465 0.09447261913955084 0.19298401350845792 0.4376020549294587 0.901960749314342 
0.1568614888193708 0.1361305486179135 0.46865829408256043 0.42843303758042817 0.8144606932654916 
0.5060692744566421 0.46022112595556425 0.3719567560628131 0.4783904171883925 0.5209429411359492 
0.15452118992636585 0.25214017300708375 0.4075372555130254 0.4922620773793623 0.745404727427948 
0.1398967131236805 0.18741532232816538 0.3889232203698461 0.35801784472125614 0.8535772400282219 
0.7648195685640634 0.30020283088324323 0.31511369145404156 0.41340963578302353 0.3938352985099959 
0.3805990963900326 0.48838500189321643 0.30750589353164365 0.6326149304785738 0.45430191995282077 
0.4835827581090455 0.23645998821381356 0.5695882748514021 0.37078248480405024 0.5622810815683108 
0.1104083887014811 0.17503658069947012 0.267028722027669 0.6768379260422601 0.6781914220722948 
0.30748068941339346 0.3047514935228271 0.6148932226894968 0.3704116413817606 0.5926476098485344 
0.1245542856825602 0.1664945538973686 0.3876574210840648 0.5565632603802331 0.7744924348191959 
0.2323527361867996 0.46186048409638764 0.30212755348250336 0.5649793197913038 0.6438482831550945 
0.376480425951472 0.3484583523959541 0.26219362875428265 0.5283151200776054 0.6972621535112506 
0.26531128751843946 0.5547986002199521 0.4053306168700795 0.4295158103211154 0.5836369806301873 
0.20799646037713468 0.12891020343109677 0.2858928747769495 0.5214308833406294 0.7816888561540878 
0.1202759866289903 0.11021380922088847 0.29510671838318736 0.26099222932425914 0.9401431694703676 
0.18510460037301887 0.1628604495868474 0.4675964221493474 0.4808293832027559 0.7349316957968667 
0.22945176868441994 0.15030934237069646 0.23212241743911233 0.5251253752444494 0.800060979684228 
0.08211053101939936 0.08926615913815394 0.29138562272541874 0.7629818777614606 0.5669714296903803 
0.10656409608716931 0.1146076271176119 0.41496260955215647 0.699204782881815 0.5897481998437814 
0.3635291879519532 0.18356836028302634 0.32869952683014203 0.5585722479519989 0.70866446240066 
0.5545069499844701 0.34607324123581035 0.316918502066823 0.30599491665027745 0.7020081096990095 
0.11452712104992367 0.2749368668143481 0.12785033573843368 0.7810673512147523 0.5428328886248031 
0.07733694063063934 0.2076518816394466 0.2504041618240638 0.7430530986908576 0.591750235641944 
0.08186980093228216 0.21766713146850647 0.49303821898656075 0.5881464204255505 0.6061507520586461 
0.10723091175138157 0.2563792746088922 0.6703108134978534 0.3643149410738395 0.5909843710219923 
0.2867490941789858 0.4406856442396359 0.3084019368212763 0.7636771563330852 0.3953236425828024 
0.11863239819053642 0.3184597630303881 0.13370543929357284 0.7353552173494738 0.5910285311305827 
0.159507243925278 0.42933129704072903 0.2754007644840732 0.6023384738500069 0.6232971311652211 
0.17167548344299857 0.44179766578653096 0.4969719867926861 0.39114451085221763 0.6339412190344685 
0.17143655207708824 0.2951999349955538 0.588343664551494 0.4359173017885384 0.6442111143975766 
0.11800607175269692 0.25269895467195697 0.18244640845171656 0.3621567456099367 0.8862870616890132 
0.35285220080466206 0.2832588388103846 0.324297838327694 0.6890758877770684 0.5734720140798768 
0.24278070201039212 0.397563270738248 0.32172052658568745 0.5819897929505974 0.6282157229855536 
0.3675479603687224 0.17464257850607218 0.532130788647581 0.5318891583391102 0.5774177296001664 
0.2244338338374411 0.21595513751043 0.3811651789953132 0.6511882858384992 0.6722525834970289 
0.27623279025190567 0.11543811788619135 0.12400862119434036 0.7822116862788592 0.5437410417509191 
0.20794207775716914 0.07965717778603279 0.24846656519777166 0.7414889308474955 0.5947831912348345 
0.22147914930863777 0.08440994356943655 0.498836862686723 0.575845731231454 0.6122860335700182 
0.2556754985064641 0.10617454996111354 0.663212169881302 0.3606544637688922 0.5960757136666881 
0.34374216123811363 0.29493604802904816 0.4493672061460093 0.27531018451421463 0.7794342119606706 
0.21374026674385563 0.22212877355402857 0.1187954784682294 0.7468277377385985 0.5917194531919687 
0.2578311108120142 0.2624001540845327 0.3023621574109956 0.6275262623907095 0.6236113482296876 
0.2773252119449009 0.2760896565630646 0.5669967106733875 0.39889270771669694 0.6356825781754106 
0.20004028640842314 0.20073801219038176 0.648076668137542 0.29392122691915934 0.6486502989850848 
0.22168694815124956 0.43550637946937754 0.18596686089757358 0.6047933125976788 0.6328975404242424 
0.27991412214838324 0.532731326682423 0.3168296852620834 0.40099566804093784 0.6391258486779423 
0.2433239566008583 0.4566097373545213 0.49080505114263756 0.29254500027497965 0.647191990553688 
0.31117171038418856 0.19387612599809437 0.4036452835255107 0.2836856686797272 0.864719737473222 
0.2091860523761818 0.32807634507423333 0.5701230327329042 0.6393357922425145 0.45121129222573336 
0.3748491834933284 0.2897345779701594 0.2703388202074325 0.3690472583464243 0.8037542824492576 
0.35424449688918225 0.13544482254190485 0.14669086704411263 0.7207498023718273 0.5816895969154422 
0.40293107076013945 0.15556340629987248 0.2878728965292883 0.6105465700859942 0.6181906557818585 
0.4392275434052128 0.16363496894943 0.5091802705491718 0.3967681184856586 0.6381526232371163 
0.4249659727364809 0.23064900604587735 0.18621169717486796 0.6048532532283174 0.6333136524368677 
0.534473163437158 0.2776316166683376 0.31382095013449607 0.4063977652948714 0.6390418401449347 
0.4541517489172999 0.2427372753369011 0.49487680055374567 0.292272563875626 0.6487654098819443 
0.4620246488774228 0.46364857523640524 0.28965457048084464 0.29315200431204336 0.6486503304217669 
0.44826937145322066 0.5260824477936775 0.3509328251538805 0.437312744207483 0.5457139818521954 
0.5602070805318697 0.5070445319463062 0.34898866628089614 0.36466145364441327 0.527978104334516 
0.21982951851683694 0.21450771135498706 0.34428742789357886 0.4211377988785024 0.8190579156723212 
0.27118896644928464 0.39339499459494 0.2844228728088115 0.4272055015924387 0.7468025069300406 
0.09816958657830314 0.23646115905514684 0.3480256598927049 0.26470372817946564 0.9022030766892163 
0.31132002404933623 0.203765974038977 0.16115273742666178 0.5700043948827509 0.777242999582557 
0.21255108652021212 0.21326592348195247 0.699138439156139 0.4238490169408071 0.5982396882309335 
0.2337595810484159 0.2783253051337392 0.44642158346508587 0.6560173541103215 0.5951363435480199 
0.17045864313393572 0.0870195391322073 0.40520974091122697 0.2151236709639869 0.8755253828621384 
0.397857914374123 0.2744174732471416 0.22524570394283797 0.7579120791014349 0.40803461228386984 
0.30705965896111165 0.18690485945031368 0.4679102310806615 0.43733738019963997 0.7218402700860616 
0.06960623114946571 0.0735702569044639 0.24312047119071142 0.6384260529661909 0.7265828138028485 
0.10819955952612428 0.09116027940593345 0.3798133518529835 0.5057831810428178 0.7820605494698912 
0.20529759713693183 0.46699875477687397 0.391656950166665 0.5811236107971878 0.575040036645189 
0.09430736457936983 0.22624340813440996 0.10546112430694128 0.645816400530819 0.7207757336347121 
0.07789928830219504 0.19842437348609968 0.2581549664385776 0.5377670167473736 0.7784589743541701 
0.07990435437859231 0.20296033744872755 0.4631415555292822 0.36124386557184246 0.7850954150798961 
0.08923962941084629 0.2151914054918483 0.5913798374633422 0.24568659350214445 0.7675693697623602 
0.1318785070668323 0.3500066519869178 0.14287011586539924 0.5568601478957347 0.7429329822683195 
0.14314431466669472 0.366934357477323 0.24678589903618647 0.3668196252057912 0.8167651478065259 
0.13364356321657592 0.35766560603208014 0.4048570651623998 0.22282315874274009 0.8167656159728672 
0.1359446611780104 0.15624822270147687 0.3242133895773101 0.6782426406281347 0.6478833506604836 
0.2916415932586366 0.3133119073918953 0.717532834841196 0.436913803155973 0.4564838711078862 
0.1823379260264998 0.1479671136185531 0.15182497618851445 0.31158884406462767 0.9790413365479996 
0.2282999632752853 0.0952948493155569 0.10207695179356764 0.6422529778467031 0.719674871049655 
0.19792359534605555 0.07609516105821504 0.25672761072671557 0.5441444002387178 0.7749455065602538 
0.2000637572684651 0.074884598390792 0.46670920863923576 0.3489925887195327 0.7888644654329291 
0.21197158554748743 0.08803587248718651 0.5797032677098586 0.24584853959181385 0.7674323158723954 
0.19872687201852704 0.20178584413645645 0.10926497573616262 0.5452483368576911 0.7889855204416475 
0.24480241093633556 0.23995958465028014 0.2773988035438803 0.36704394454675704 0.8291343271162555 
0.22445200309803454 0.21884415950763764 0.4559402141943182 0.21965706386436318 0.8199153624668244 
0.1969976665765172 0.39277241179964795 0.17002985775158558 0.3590166794097653 0.8218393095054727 
0.22496099722232002 0.4334710858777231 0.26531044754994054 0.21826615639585006 0.8217563315493591 
0.20067567570717806 0.19050373691833863 0.3683260205584296 0.4319597143104609 0.8036303209948763 
0.35863318018468154 0.13802589141457114 0.14758056031391178 0.5102796034072532 0.7704616001904218 
0.3906992616458398 0.1487639780028411 0.2725536537461704 0.34394955025769486 0.8134475575978891 
0.3596788714048433 0.13851041167261227 0.42728380002912686 0.23258612683828164 0.796631499038176 
0.40521766791776703 0.20619285882711105 0.17210559563860378 0.3570007979976465 0.8199908048273425 
0.42520062862145747 0.22572057909049303 0.2505992035829474 0.2137612760833834 0.8298089394105714 
0.368326722521082 0.37261978072568164 0.1975732883498452 0.21456253825783522 0.8299774181603224 
0.5391665788439465 0.30457311068763937 0.3919380138722034 0.34238106166268 0.6344655954246882 
0.34216709714377674 0.26273051717724455 0.4173625452978158 0.3559921861764757 0.7571744356136322 
0.07087400239697235 0.15122500316470314 0.3949782219867486 0.7519830650449788 0.5571051938937897 
0.12305411149450231 0.05530115031240413 0.19984977145389268 0.6005107323143395 0.8050860197308369 
0.05723791136475725 0.05569604343511255 0.21306301631950078 0.45918431904969687 0.8646918056819568 
0.10302201642690471 0.09588671948685004 0.35144745832497637 0.3057508122875634 0.8825398752660947 
0.23298631222584174 0.2232293688788489 0.3975594372270253 0.23676118607959817 0.8797730259310378 
0.06805613455905596 0.17489913481229372 0.07636112296992478 0.46323025794566663 0.8694790764617023 
0.06980500578368738 0.18271288453366158 0.23486506970723875 0.3173082750353549 0.9010569410238968 
0.06272762867007708 0.16307537745803316 0.37913252970171474 0.16727734131568892 0.9012741818725558 
0.10707753035136301 0.2866436401845973 0.11529297473770593 0.3161132281350912 0.9041965283754773 
0.11325454843410596 0.3064985274510178 0.23330594725786422 0.1591540195406103 0.9131048081389125 
0.17794028820703509 0.06865035761932653 0.07608621568216882 0.4633361440169194 0.8702874314863043 
0.1790182202588161 0.06660572308362904 0.22680815649334196 0.32101367849972745 0.903861233509232 
0.17400074968371726 0.06551315367210155 0.38724383466196904 0.17458296032413254 0.8918792478617519 
0.18055557167548825 0.18157243332502299 0.09968312426997823 0.31710410478268314 0.9126323750135502 
0.20073830279563978 0.20019301363074066 0.2366849330317223 0.14905876222021358 0.9216872757475119 
0.1652107765147106 0.3409616700028826 0.14339656200998005 0.16049545541258792 0.9135898743290469 
0.2912690753508534 0.11086075711118429 0.11942261482803848 0.2928971017301176 0.9091124916757589 
0.30508304508235773 0.11501606977281495 0.23006844775616345 0.15644210927587526 0.9130478969685429 
0.3419244661899332 0.1703604011179353 0.14348960234989033 0.15714470331528835 0.9139333955019563 
0.13845538399952714 0.2567268017173342 0.3036736052568489 0.24787177479826822 0.8853729288800267 
0.057372364858501605 0.026528951722446473 0.1343007111566677 0.37221564689231035 0.925953323117963 
0.05966309857493014 0.05805258696248998 0.1996060195739582 0.31666643527435906 0.9244022038025822 
0.09616920722950441 0.09376443552345771 0.3217399829483632 0.159240390215502 0.9247305359373718 
0.0652072773645019 0.15821594832815397 0.07039323954854547 0.3367760015851013 0.9272041924603007 
0.07884425046366449 0.1899318808151333 0.26618579552233956 0.18338453946481792 0.9647388525716926 
0.12020111842793912 0.2874551852421877 0.1299203939494346 0.1821570775305326 0.92687624716366 
0.1737074229447213 0.06977498734183808 0.0759230594464149 0.3289186870740096 0.9251157835350646 
0.1835384460565129 0.07708792722747675 0.2604101765463917 0.19773697469722715 0.926889105781164 
0.22193357291799537 0.2045677051159383 0.1278359334177706 0.19838844877114117 0.9630923182144843 
0.2877974337739765 0.12098859198428197 0.13048998244567106 0.18244401675334648 0.9250550607985568 
0.47316196314899256 0.2162548111398796 0.5841293364964589 0.4030630672231778 0.5427743578891627 
0.1959930381232122 0.15916848480336312 0.20222533688107655 0.47275376444775047 0.8509096346866912 
0.1476100445012159 0.27112068645433274 0.3022018621154314 0.1823604220993927 0.9530161082068201 
0.18287965784601146 0.3115250331477537 0.5596819861547265 0.45198248399273205 0.6923249139351463 
0.2458000685993932 0.10278640660208677 0.14394081122442837 0.23926843047130453 0.9323791562547791 
0.13642433391456862 0.13756471738612372 0.18353439657268053 0.2790845960734632 0.9243328971069478 
0.19980773033128718 0.1909969637173171 0.2523767334283961 0.16165287422386576 0.9146073913388765 
0.1127992515980821 0.047006397443890076 0.08253857610249582 0.35437437055102955 0.9246879210505536 
0.03951460874867573 0.04016145018199781 0.13723127147496572 0.35479288094665845 0.9241823099330388 
0.046748310354474985 0.11373016639930876 0.08227897099252107 0.3556617509906166 0.9341093661236599 
0.04020689115290517 0.04149701530254531 0.13922743607092425 0.3609364312547517 0.920721800297091 
0.06912547693669388 0.07046963806995936 0.10934105843946444 0.3642504751207173 0.936862795479345 
0.03379475993852018 0.08259777925571579 0.1963663612107661 0.36757928175228693 0.9054181189086483 
0.07826544072703863 0.034639520115488785 0.19926097050525698 0.36796750412738466 0.905202728184289 
0.10207324038170831 0.10420626143331412 0.06385286924592834 0.3711180883424354 0.9151865946907266 
0.08593765187052209 0.08522877188748958 0.29712532365559635 0.21713441346264667 0.9285841264623939 
0.10324357791083319 0.2517210823012296 0.1319048297118462 0.23905488156713461 0.9244047504456144 
0.606060588982184 0.25352444212065584 0.27846283361812346 0.39524791731456743 0.5859016860890092 
0.05568822349696704 0.13447051501098223 0.09097345553608284 0.41348566505725787 0.8972463670174176 
0.1355259745518714 0.05649079641122578 0.09357487026287521 0.41405106289132226 0.8954182189688086 
0.25653702855377564 0.13875852488232165 0.3118526602167253 0.41533649752625196 0.808549511943501 
0.12164105482269667 0.05033862309825935 0.3196165209299938 0.17541181513596346 0.9268242907563716 
0.1130314107204973 0.2714975617655473 0.12226888917534741 0.2160920499548613 0.9658039139508056 
0.24587766089679816 0.27570801723226174 0.1833983776194195 0.17057211452863025 0.8956378155465415 
0.5381822488088017 0.26598029468121276 0.33074546782509695 0.4222647665009574 0.6079719369278574 
0.04952335629802515 0.11985939564535383 0.332585829430027 0.18098546381445024 0.9269447944849977 
0.6838392794885777 0.284918904769163 0.33595064504600014 0.43373518472208167 0.3946084289307009 
0.09330711940115859 0.03875840488741108 0.24402230978484932 0.44470996308790295 0.8577759197224312 
0.03632623153253321 0.08806560445015478 0.22840960282071449 0.44671051235328557 0.8605962035684579 
0.6187423892634437 0.297395887812213 0.2830613522001968 0.3672122183697481 0.5672330714001877 
0.15080923767229545 0.08612466152154902 0.07321545990684457 0.4531136990614704 0.8719910850865922 
0.05795961221822664 0.13988964549700436 0.36279543277076465 0.18756696233856984 0.9008444189270545 
0.14204564001466902 0.058895217531406766 0.3674212496856271 0.18155839884104893 0.9015240231089028 
0.07194774333208456 0.16723411787700057 0.0749570718656816 0.47224274421565005 0.8605555339447805 
0.05475765892488487 0.054151211237067794 0.18634717321152247 0.4941596060862044 0.8545510073165858 
0.0709938329705599 0.162822948864902 0.42793487275504494 0.188637360111865 0.8708224356890334 
0.1941045571045243 0.09150791510386101 0.0880366183698075 0.5536674145796114 0.8006837642363687 
0.03565177854101525 0.08578443279491979 0.237984800154116 0.5819961725418841 0.7785584115846618 
0.046330277576839336 0.11129669311128773 0.2820535661117302 0.5983770710824192 0.7419240038111282 
0.08864115958572957 0.036246807914442986 0.23170073681778358 0.5999414760231302 0.763491327473355 
0.11119794433819792 0.04643938911200373 0.2906442668911716 0.6000091525350324 0.740781240273612 
0.23440128669868496 0.2330110828825066 0.560728721635606 0.6549757391080311 0.39206198062631353 
0.4979977163447633 0.2550447059818407 0.293763394361081 0.6689851913969301 0.39511377007328086 
0.04173729970707706 0.10259433738294235 0.2640188721584075 0.6863827282575297 0.6702948595328574 
0.2519765633434333 0.25971486142434985 0.19961831493979673 0.6891356914337894 0.5992908905679887 
0.2611220009595494 0.26059631840670894 0.5844243857135258 0.41758070079165127 0.5973157178652839 
0.5102355260732063 0.2612670638317309 0.5877054343489058 0.41948037734884497 0.3959563026487274 
0.5380888780765539 0.5242337103923105 0.31963958277440635 0.42975256952127155 0.3960236929017128 
0.10267354291745989 0.04245904318303474 0.26727341897996865 0.6941716822686523 0.6629318315713475 
0.24265173468764054 0.517094904313639 0.5906719884675145 0.41608332982695634 0.3954765166258336 
0.2669405561746122 0.532170369367336 0.3225728974630533 0.42381253179727335 0.6076216249812482 
0.25476401216551764 0.6098828804784227 0.27390070186854915 0.3948369704697703 0.58097268122068 
0.17197423480030746 0.173772034434406 0.22257426845215764 0.7929123154398778 0.516849559599891 
0.059571552628064926 0.1448409042074179 0.3783383740159186 0.8167908153185343 0.4137598524230114 
0.1421900639163537 0.05964106354910393 0.37328522026312694 0.8179929906745991 0.4149048632983594 
0.14211561786980365 0.059412791625447506 0.3734505544384124 0.8179929906745991 0.41445681493641107 
0.2806682861415561 0.11627618219365263 0.15858116144805656 0.823547586156716 0.46483404648456167 
0.19770866955060926 0.21139464283217038 0.2823970639311095 0.828333008212215 0.3904971607513768 
0.20516880318687544 0.20967841600758902 0.7201685828658403 0.35281143966081957 0.5406265909895971 
0.22208445248263434 0.22976273813528791 0.13180878164786433 0.8332234286523974 0.4416139464783673 
0.11875167516584792 0.2850248616521229 0.7269942938885074 0.32639325322573665 0.5233786071789053 
0.09303186839452972 0.09376362003427369 0.33965673742960517 0.8362989274858977 0.4390382657902305 
0.2872098923267192 0.14146881254588653 0.7290657465588364 0.32623224428530845 0.5229520626209464 
0.12495985037301163 0.05124188353527186 0.3245532330365459 0.8441154699609413 0.40714350573589014 
0.2713502888807133 0.1348984755352215 0.7360299696349135 0.32623224428530845 0.5229507690100043 
0.11621623128203926 0.2797545404631562 0.15768672561554456 0.8478512900470706 0.4641941317475901 
0.05151106788890854 0.12742870668270748 0.32466011908189935 0.8491749862936478 0.3989647534505906 
0.2306805947978679 0.23743342627307207 0.7670635371942064 0.39339853648779277 0.39440678991817224 
0.28341720252816055 0.6955425090501564 0.32826453714435727 0.4360066137511378 0.3962361323499174 
0.24507772494940755 0.10254189845932098 0.14417839281912212 0.23990861615343526 0.9257687396450959 
0.25642954030505655 0.14766269588692382 0.12228829248520166 0.21497192474250668 0.9304751939473429 
0.0691259852654093 0.070405319339466 0.10934113973785314 0.354917794984347 0.936858211651914 
0.04675388382617605 0.11373016639930876 0.08204225117099678 0.3553250948945935 0.9375431439923088 
0.04020689115290517 0.04149146224427064 0.1392697322453178 0.3606134713099378 0.9207224975173528 
0.03240465797631712 0.07740129363986081 0.1995912523136824 0.36802532707655744 0.9056130164948161 
0.10629970988734981 0.09964128629455676 0.06385286924592834 0.37118160773059405 0.9151865946907266 
0.5915499226611208 0.25302063262167035 0.30534261166515103 0.39929648543064 0.584905199098271 
0.055451274286983696 0.13105793710218883 0.09416463045911347 0.40926736992404267 0.8972548758138441 
0.1330844574215533 0.05776112135422652 0.09197217661781618 0.4124094028736541 0.8957445338772563 
0.0495380518792278 0.12024564914965039 0.31529111176453034 0.18097649529467735 0.9269447944849977 
0.24883731709333606 0.13950660630082232 0.31606914177000983 0.4112611540096228 0.8087751111457199 
0.12160848640858643 0.05033904777273093 0.3200643076262204 0.17541444602106038 0.9269372825754787 
0.24704116576938057 0.2740518645292109 0.18355961998331685 0.1710453424499657 0.8956801419526536 
0.09260177222453662 0.03886019029153041 0.2436241028976061 0.4438254897395652 0.8578353844555492 
0.03721861497842303 0.09027259847956479 0.2340459575175827 0.4445276829220898 0.8606533988908066 
0.15062927388682862 0.08601937266687887 0.07292500843957903 0.45227693262711716 0.8719911391565713 
0.14007853996621406 0.05836131088324344 0.3579244712168079 0.1861541263451518 0.9054986145765748 
0.05776881733876108 0.1408219917329347 0.3633490221150468 0.1876019030969912 0.9041728196169709 
0.07257544728055226 0.1677519986767858 0.07521621221598494 0.47121730279504404 0.8605553525350521 
0.05475781429079224 0.05415136488227896 0.18634770194116904 0.4941593654886242 0.8545510073165858 
0.19515538589694872 0.08869681407692907 0.08820281139182032 0.5549096223080167 0.8006867633878173 
0.03566865789890947 0.08577074866292675 0.2383249183120672 0.5819975772793282 0.7785584115846618 
0.10716253203956087 0.046560653801506716 0.282217035032867 0.5942595978715212 0.7463079030520497 
0.04519477736555113 0.10942091811107961 0.28455109898479003 0.595824478961592 0.7442980161425014 
0.08867795398574835 0.03626232205618867 0.23179735284421105 0.5998985237902881 0.763491327473355 
0.47775807295339195 0.49532622274329324 0.283409213665675 0.3656015261952755 0.5651481972187677 
0.2400345516299931 0.4977789525822603 0.31175885137812276 0.6685204929277657 0.39414005591582946 
0.2718576338062048 0.26093510847727225 0.18126568070810087 0.6880503080100216 0.5993309105408 
0.24960766708160909 0.2547043791556215 0.5874540912318981 0.4189738879523088 0.5991228091386371 
0.5092915791928555 0.26533414486284757 0.5892631654244743 0.4200322298873721 0.3947934427878705 
0.10300563276945217 0.042596373764660064 0.26813789475073146 0.6964169283629371 0.660184009849924 
0.521424642725844 0.5311636209532281 0.3335602463325791 0.42568735493161264 0.39600943759278423 
0.2599595610842778 0.5324655475950271 0.331063234475298 0.4232866847771352 0.607565748466373 
0.04275639510135203 0.10636105975004004 0.26963736250058556 0.70348132910022 0.6483656167563431 
0.17173532745357714 0.17401369289054192 0.22257426845215764 0.7929123154398778 0.516849559599891 
0.2064370251976895 0.20793853963218423 0.7076335206142387 0.3542699783411451 0.5421512751835854 
0.059571552628064926 0.14484340680627433 0.39831723128230473 0.8167908153185343 0.41375491616285426 
0.2796345497562065 0.11636706713560274 0.15858226861287483 0.8207965373969913 0.46483404648456167 
0.12985960209008154 0.3126450654951336 0.7142800537176084 0.3264286802291523 0.5234936093671746 
0.22216087795522424 0.2309147779170158 0.13184740674859727 0.8334612618450005 0.4414447055236702 
0.0931340142930382 0.09386656937175439 0.3232290949075347 0.8380669373189946 0.43473300814110644 
0.1911172368165432 0.19137509865740077 0.2636814088745154 0.8411134999866913 0.3904626980528094 
0.11621623128203926 0.2797545404631562 0.1579085397870704 0.8468556128277491 0.4633461132657168 
0.28202912438374905 0.6918345977511864 0.33806113984379127 0.4358973109323643 0.3964467977474371 
0.23156530746166407 0.2386063066762092 0.7695852544551648 0.38562767179652874 0.39038037007934184 
0.24604260497979455 0.10169825462060612 0.1443531800311889 0.23924427905225143 0.9323700003106253 
0.06912546529501618 0.07045614992194953 0.10934113973785314 0.35551974749793364 0.936858211651914 
0.0844784717234452 0.03525268250624829 0.20513222374195333 0.36270737650154333 0.9053470541105512 
0.03228783525446362 0.07746330717329941 0.20020082949680967 0.36802532707655744 0.9056216201108307 
0.10207324038170831 0.10420586183754864 0.06709477529036081 0.37118160773059405 0.9151865946907266 
0.08482589141007547 0.08654266870488739 0.29765734383834763 0.21741853328118993 0.9271286023325673 
0.10327313656140631 0.25045540323866744 0.13225580104540877 0.23856447390088073 0.92572675034664 
0.057374187952872774 0.13601465907958168 0.08645042458255946 0.4092716315213516 0.897256657389929 
0.13400087332311017 0.05744019239936145 0.09376859921524547 0.41325965657090924 0.8957445338772563 
0.2532788136049915 0.1409898654196048 0.31717770830537506 0.40825216197549047 0.8087751111457199 
0.1149040349798902 0.27300442627518373 0.12229022003797287 0.21493993265563313 0.9301104673339029 
0.2527278582258189 0.2738531297511798 0.1828254093428308 0.17105477602812394 0.8958627644205991 
0.5379952139545914 0.2660561462655955 0.330841477990219 0.42215598049362557 0.607964727881372 
0.6828866797358596 0.28458033880321837 0.338211473109224 0.43373518472208167 0.3946084289307009 
0.03714943921591647 0.0903014896041751 0.2340459575175827 0.4445276829220898 0.8606533988908066 
0.1387738980559945 0.05795588298657128 0.3590660252718463 0.18618167539247213 0.9060777516166891 
0.05776881733876108 0.1408219917329347 0.3628023062203548 0.18740387623673493 0.9041949918703676 
0.054836704927109604 0.054021334876990464 0.18452871869802573 0.49155421386803044 0.8560936506592551 
0.14175189343237737 0.34203441527105655 0.18367660376377345 0.1710453424499657 0.8956801419526536 
0.07116182238391465 0.16028858055120446 0.42640734604957364 0.18873126507909682 0.8713696916283836 
0.03565175219638619 0.08580304912595504 0.237984800154116 0.5825233923841437 0.7791645865034277 
0.10764741689474601 0.0465359972953504 0.28266734623152673 0.5943451890248498 0.7466113188851365 
0.4775748418065468 0.49532282599180144 0.2834156464105873 0.3678514805505366 0.5651484783991827 
0.24210124353073412 0.22511419666067461 0.560732385369793 0.6566237773122451 0.391993021858879 
0.5015856260084799 0.2568822191575808 0.2952831001169152 0.668799815749354 0.395385504967275 
0.2405421771085048 0.4971995693304266 0.31226999599239824 0.669000681962814 0.39439179684893894 
0.25196718279491603 0.2599241138985095 0.19962449466597748 0.6908943178754225 0.599330737225261 
0.24960766708160909 0.2547043791556215 0.5892978613188204 0.4189738879523088 0.5990875067082744 
0.5101701878476647 0.26305392224714763 0.5897527276040782 0.41948037734884497 0.39584988977091873 
0.26431783633827716 0.5270957233626031 0.33282743314036883 0.4232528782515775 0.6076216249812482 
0.524892120742415 0.5271798376018605 0.33363954284091135 0.42912106162972524 0.3960177248918787 
0.1018015644784418 0.04242198152943731 0.26773357666587294 0.7037803814710223 0.6636667515727523 
0.042981930241823174 0.10577830954541413 0.2709605912523539 0.7069902451317134 0.6447816934440856 
0.25516068355876653 0.6106450981102295 0.2743276673866717 0.392888078694276 0.581191213759477 
0.2793319078936665 0.11568828800020903 0.15923762099523087 0.8224466275634333 0.46483404648456167 
0.1978261020327699 0.2119816071446565 0.2834538105709517 0.8311781025763973 0.3896435061862875 
0.09301307787880345 0.0944887381426939 0.3405235924681316 0.8336427309205962 0.43909740249559664 
0.2762623012427721 0.13607644009542047 0.7343969704979815 0.32623224428530845 0.5229520626209464 
0.12546512036427232 0.05133120906756343 0.32546313433872814 0.8466202095207923 0.4035370147561435 
0.051535520710245614 0.12740108268801184 0.32472112495922634 0.8491972143833504 0.3989647534505906 
0.22883295394201505 0.23528450981233803 0.7700417452338012 0.38530309443892663 0.39218106486256704 
0.7015828450700363 0.28815179400453284 0.338823628778722 0.4348554402109742 0.39293948338641144 
0.28211605967377823 0.6868910106986145 0.3384399125978765 0.4373705871820978 0.3963976748297483 
0.5249830537036556 0.5271798376018605 0.3336779104459935 0.42919799828475563 0.39600943759278423 
0.5125674272260636 0.26386374503059634 0.5901573190220895 0.41699524618918093 0.39466103964248683 
0.23044104860720832 0.2352284223815917 0.7700644763346753 0.38530064647824425 0.39222332499242574 
0.2881814004949432 0.6258507653283121 0.28346361892926675 0.36795795961674543 0.5662980277200292 
0.49867845308489306 0.2541317494650976 0.2942025791971501 0.6718797087388749 0.39490177180836095 
0.2404798672735245 0.4974804132692785 0.31241434199593154 0.6686535695813842 0.3942464073201509 
0.25543184624067766 0.6112731274499036 0.27462022992684476 0.3992857003494766 0.5799208747782588 
0.5942628488529936 0.24986226975980136 0.3084673906766199 0.3956957801795749 0.5846139992548267 
0.12985119309809992 0.3126248203241449 0.7123334614489283 0.3264306860479111 0.5233786071789053 
0.20532612172045134 0.2100011971740989 0.7183295713050328 0.3543078454685315 0.5436628741302347 
0.5800375453571455 0.35861282151068863 0.302900627484485 0.3263298283555969 0.6213737032844339 
0.7444224898786116 0.30222231592787047 0.3565039768907879 0.3790514405463424 0.39467050601824655 
0.2550130406338164 0.5828702443136101 0.2629068603907057 0.6476039532911153 0.4105626601799937 
0.33358900338694353 0.14611263158602672 0.8031115853830889 0.37524777109979746 0.39573831735075904 
0.34695367821836476 0.15511907489992718 0.16959123502594267 0.8386802290620953 0.4162155017591124 
0.6275367938741356 0.3530085130326585 0.3032837098259017 0.4850680263296717 0.5058794525741552 
0.4012532206932466 0.19108540799932855 0.19640599349407592 0.6572496909497595 0.6185774743964826 
0.4814341935835619 0.3522891413369461 0.2561663093763466 0.2616545909026784 0.7590425608074995 
0.35979474723178434 0.17021173293917222 0.2604504639773966 0.20369900012247308 0.884223985311657 
0.448891450568014 0.20090856294211976 0.23119618790319776 0.4187942801448443 0.7944425746282031 
0.2329911468099012 0.6017233178613169 0.27363523386720284 0.5655738725473441 0.5133374462627783 
0.29147367241604305 0.6321470472069063 0.3711897507586947 0.5257799794836963 0.39341429269133754 
0.14348575978934588 0.33448698963566087 0.7052118197916143 0.36991477357480473 0.5184135147686597 
0.19684755014994976 0.46214218175781563 0.6393473802614664 0.5300996672008313 0.4057484454370413 
0.14405717521580347 0.21685642674948527 0.1125394820382358 0.6559132718242393 0.7484512384312689 
0.1556918717084933 0.3493808492153864 0.7757099964828689 0.37386606019073265 0.3938332502138869 
0.24080579960076937 0.09727232254567127 0.47815736405960096 0.5983422570606421 0.6642570428075802 
0.3955060547245369 0.17033435537757494 0.5628831265337974 0.6167783917203511 0.42498439631198803 
0.11322215850035229 0.22243376038598606 0.6214577215090517 0.5997170774258244 0.5156107016430022 
0.6227744244808747 0.354237771405594 0.2990066527066393 0.514474387053473 0.3926066517301148 
0.12061821875745286 0.2908494808777374 0.3362293736425819 0.6637112154338708 0.6320949199229202 
0.24874887115194963 0.34688923469483063 0.3534057921235815 0.7935620907386205 0.41353747293273135 
0.17893117299017913 0.259603395020499 0.7039279708554689 0.51349141152239 0.41410514246723323 
0.13421399362314076 0.3265066668665251 0.14260925582234538 0.15685247021286142 0.9235044306745145 
0.33624991570542667 0.7190199101951598 0.35634587853018596 0.37199653279451134 0.39326102085206743 
0.5183921877018478 0.2113298777420603 0.3979009350666803 0.2806972580006136 0.7311149315528538 
0.3022547761930305 0.1423373030645962 0.14130798160239003 0.15385715376031536 0.9223923751134123 
0.48269698971864833 0.5578897510740419 0.3196110286919395 0.36244120602567226 0.5311808259338244 
0.23498934800080687 0.4425902930069983 0.20829150723195172 0.7084284532286053 0.4913198595225687 
0.1776081421428061 0.09057153683479931 0.3954146545779325 0.751956781256842 0.5274759731756816 
0.15505693759048403 0.35625360996323774 0.5293637048014348 0.6497795235207835 0.49424790028017856 
0.261705910118258 0.2096586111171356 0.14357457764426262 0.7316519141422058 0.6799173489085908 
0.1824740449014276 0.4034345665534101 0.3178150624744586 0.41517120787812145 0.810894225930875 
0.09912943911715409 0.2127491545763977 0.12019643489173337 0.6167112503453158 0.8010426130146497 
0.13549113318077666 0.2878420565515185 0.1340633465589259 0.7665597041242278 0.6458831466775435 
0.18979106939192666 0.0828344170676452 0.4544135157900212 0.21963022702693702 0.8601275246978705 
0.3858903328839926 0.17723907152741403 0.18838819303334492 0.7987137954090827 0.46264314810711343 
0.4335776630864026 0.25042975450304655 0.2117939096484445 0.7578385357596585 0.3917889628974431 
0.6491191026323914 0.31978108851653086 0.3675219082439344 0.3640582812976563 0.5166158768414193 
0.29851492456541445 0.6968509083947899 0.3302886735367226 0.3632039344733842 0.5108898573894851 
0.36351003539016924 0.15086645230100273 0.5825468405179867 0.351666907242518 0.6651540705900231 
0.3045836542617685 0.13860188165419385 0.14031588450440505 0.8124654600130201 0.51135486282789 
0.3213923122388253 0.14358703123379984 0.15170333097851207 0.7675999899938659 0.5731959386899131 
0.1540638996175143 0.07893449844338386 0.07569747103903854 0.37417800568490356 0.9271662183617475 
0.5099508372756483 0.21743494359711207 0.615941857112938 0.3457461220818049 0.5266748967451104 
0.38946758969250395 0.1673825793409631 0.5269096453714412 0.5790597408814245 0.5258304861811071 
0.09480887173337657 0.1270143790643908 0.2828020257028397 0.7372738080913012 0.6147553788056451 
0.22226063514994218 0.09875255927420942 0.5595692915688121 0.29217835246134666 0.7764379916039754 
0.19716813856380025 0.3957027764342979 0.26439735218817206 0.2254029618047328 0.8517132943679251 
0.14949694085293733 0.06446660672771494 0.3180890624960233 0.16992529735025555 0.976130740985951 
0.29240965123647755 0.1282529979235617 0.7342317027640858 0.3767854063006961 0.5297235542895591 
0.2640828648211027 0.6334430017880502 0.2991607107770555 0.3334095765507748 0.6164415921886078 
0.2777370061121929 0.21707507855597688 0.15515322905384907 0.7961619673292585 0.5225134620956879 
0.5936202448764566 0.30229911041837954 0.5664411799345325 0.3840495145259597 0.39482957202884966 
0.43912958976494243 0.3397388625372794 0.2604852792477067 0.5534927342803573 0.6678294788647803 
0.3637952223283095 0.17211955613459706 0.2537988358191166 0.20485013836956226 0.884223985311657 
0.3594685394416289 0.2568488330019831 0.4115868604972682 0.5476711893029683 0.6521633884615793 
0.18191131753359172 0.2466257447356461 0.7200493026673427 0.5209051509875249 0.42287578732932185 
0.22890728903349516 0.3176111612006638 0.5844369727520655 0.35754452596675446 0.7126184569946264 
0.430952403431684 0.1946569313574154 0.40733192403865714 0.2690047956866902 0.7643118562193565 
0.14873097192600818 0.3146217692666001 0.1756072158585541 0.8422146069539257 0.48144631061692056 
0.3682819279255317 0.2662420767441383 0.30097736533409175 0.4131401936463626 0.7765904485753541 
0.13276762939901168 0.30439549688521855 0.6543385200544908 0.3392186063877877 0.6341711146994564 
0.192953460873026 0.08158119695122709 0.22252460494373272 0.4430586384926288 0.8848146933138501 
0.32053711077407715 0.1280240451539072 0.32710015817376686 0.7924353774341121 0.41586340508561237 
0.6605245850154241 0.337266168453714 0.3302886735367226 0.3632039344733842 0.510902003946023 
0.26970398947780044 0.6500602234888841 0.3086750944872265 0.34055341791685306 0.6163175203801389 
0.24788822579881575 0.5826643088863904 0.2689584880492692 0.5524021702746935 0.5129816691819925 
0.2666823051312472 0.593850350871537 0.4739612408721689 0.495535817089554 0.44888217685238024 
0.2281173267135614 0.19179298778380566 0.6264219834079015 0.6665455013779463 0.40639301029539376 
0.46358202454631003 0.5393748174343255 0.31002784009377815 0.5004585378653215 0.477118226400125 
0.45012394347741436 0.19009788748638487 0.4818268855043131 0.6442188861989167 0.44708791391802977 
0.1650199409702585 0.12573518949851975 0.4409630469891482 0.817350556852257 0.41540229178580074 
0.23097946169875586 0.11036474258755587 0.2822796283710343 0.5785975886467394 0.7584110268399232 
0.1674093710574695 0.20487490639201852 0.12179462561840695 0.6510610597557418 0.7455749939898074 
0.29448162750088036 0.1761621521163158 0.15319442728904395 0.15925939502175931 0.9235280625416551 
0.30445058234346994 0.1461754665745191 0.1397135507079591 0.8056534181791742 0.5110985075040305 
0.42186037628635137 0.18974474769025892 0.2021009029682815 0.6689472182152696 0.5715677794626605 
0.30867543394764946 0.6652048992842058 0.33156530421365565 0.41555678451543315 0.4809537428041726 
0.12090913596617792 0.29142401675334134 0.3350411048058931 0.686515319913783 0.6320949199229202 
0.16251967058233938 0.3645981927356899 0.5506472980684913 0.664470595144887 0.4043735089484149 
0.31627293814328256 0.5664288403622829 0.5638810115846067 0.3848362326327911 0.4035537217433152 
0.2246514821277561 0.31009978430941215 0.7906674156955623 0.34979103727445054 0.4415038149210632 
0.25243240070361406 0.5771732241759258 0.47947394998376763 0.5019047489411262 0.45738265674402234 
0.3153322648607158 0.14410685569935783 0.8123615655683416 0.38228521148700984 0.39641357778989333 
0.34347815512375135 0.14705446463445318 0.7130506441667934 0.37043949291380707 0.5056240825978996 
0.38339008431801536 0.44471222589655923 0.2696875674069118 0.30523439060303603 0.7412826144953697 
0.1379116309482583 0.2878507284976579 0.1340633465589259 0.7347468969343824 0.6459820707096474 
0.13711182768899657 0.2994817875923436 0.7824633127821361 0.37401423434774583 0.42004404527417766 
0.09012063732009648 0.19975111895670028 0.5128873812667798 0.721397075373174 0.5243574831681382 
0.5178890147269187 0.214311967581009 0.6106518736674577 0.46757624978718193 0.39423008550993766 
0.11224417032896118 0.18749421257565516 0.4168499873622763 0.8081328062327057 0.39417510287993435 
0.19076567389248786 0.3698280547425482 0.3577228100857081 0.4174704855667837 0.7576122611327899 
0.24767264398656816 0.5710323103506934 0.3041252509109266 0.6485294500666928 0.40723709387339285 
0.2913343156620869 0.1268330073874904 0.15278519457828027 0.8037382944538282 0.5130870926783171 
0.23981216126730567 0.5025131431507646 0.6368533435884648 0.39656373579490983 0.4222337633539506 
0.20342919275251056 0.16435320230001024 0.587144770134404 0.309851497416626 0.7515188391714599 
0.10682455969151211 0.2224263822603075 0.3743932285533805 0.5787290626764489 0.7244686353165201 
0.3490585378551131 0.225468536930657 0.7347231249373074 0.4256548357099574 0.3957193438679204 
0.24621080091564548 0.17424907284741595 0.717439595136893 0.3188146796352261 0.6383668050626573 
0.3861350842470979 0.1664019645544078 0.5256083435247932 0.5722290629397951 0.5296989677086928 
0.2100240109550078 0.2651645726585566 0.32726749010951733 0.7928594291968035 0.4364243503815832 
0.2214913358420346 0.48462741618743044 0.5870929712809865 0.4991423326005796 0.4384219132050237 
0.2951671647940281 0.23861088312813028 0.16238061468844503 0.6970995819146129 0.6462506103893065 
0.14613143839675946 0.17257945856156773 0.4464002417104877 0.21630260832530648 0.8605055072221941 
0.3025046399912778 0.6390787763453875 0.3203727898721515 0.5256560696362595 0.4003106948790854 
0.47536136370969484 0.1935393663353474 0.20330862346885262 0.5643762248557301 0.6812921755782828 
0.6450535294440475 0.3137493390976181 0.3252222449318647 0.5304264926032548 0.41410514246723323 
0.36396942778374414 0.14975119150388766 0.3649119700113158 0.4139551786980738 0.7752076360569814 
0.6757787083830549 0.2874282510216751 0.4412533413001121 0.37714752785899064 0.3957889559163373 
0.15718978644245338 0.302113038731424 0.155676944671409 0.16226615679053302 0.9712976695950727 
0.23094558297589174 0.5518287799577357 0.3300013268104549 0.5573258149373996 0.5129532078656236 
0.3153550742952266 0.12652595102216319 0.4956170462092686 0.26876000631972424 0.786324644623115 
0.19528701957774997 0.45935766509259146 0.544728735741437 0.33921027694209493 0.6203067051364799 
0.11996787829724893 0.07957674212848455 0.10578691857417105 0.4211863488161932 0.9089245728580412 
0.45546379115277946 0.36239434757759414 0.24115862149819375 0.2531755713259466 0.7831022995162935 
0.5042936623265105 0.36972029491695485 0.33899614113966736 0.5431952556644007 0.5423748298092451 
0.26244895395752066 0.13224373071852819 0.12345437384522294 0.3096952885793781 0.9840918515996714 
0.22754221428977042 0.5879315802259486 0.3047316481395265 0.5661424657568207 0.5133374462627783 
0.3604759599991917 0.3232765900797165 0.6761379371688678 0.35740239264274415 0.489213035011339 
0.0979246903932981 0.09808736290691313 0.33626512632969047 0.8521813693570419 0.3894105755999471 
0.08626326590810637 0.19235638765823249 0.49992704857281606 0.7516333432795941 0.3925934773734982 
0.12843845916218102 0.30375376729756315 0.14040554779382325 0.8522956941633584 0.3925776538437256 
0.12870482009098344 0.30352720701153046 0.324864599631835 0.806632839975084 0.3861731073717201 
0.10928528661578896 0.2621646534002689 0.6206178403781024 0.6339685233223785 0.3895361875330317 
0.12449126564374227 0.294980315088968 0.7541495791172937 0.4300780367036384 0.39397200000138094 
0.2481902634708021 0.5727018898724244 0.2827560645272468 0.6281825166556386 0.3943184116828061 
0.22826703947976895 0.5348051079584362 0.5803238279464631 0.4365416345961105 0.3901661966382679 
0.30623740354362233 0.12517233743527273 0.14324608523797278 0.853989785890335 0.3886862874462091 
0.28732157612554043 0.11910397476103941 0.33595086377619005 0.8072389351550422 0.39169454039024254 
0.2722788427003441 0.11659718865199346 0.6054918853415536 0.6424919465226708 0.3857424959102459 
0.2973199944212808 0.12639390550062513 0.7638852162395842 0.43139849897338417 0.38926588981258325 
0.32840849420580015 0.28362094186093983 0.18057973325708823 0.807259715906608 0.3861510651390438 
0.3343937195559664 0.34883614639892485 0.43583670160767346 0.6656940659741107 0.3920826587843644 
0.3906314594313593 0.31612391771439247 0.6450470358071013 0.5077196506257913 0.40162197077533457 
0.262878230932063 0.31811267824427913 0.7684473793134288 0.35647167922245565 0.384812883401134 
0.25687324040519466 0.5828357374593396 0.26267015610330624 0.6267376686310157 0.38936979105163444 
0.31911042375875065 0.6634802104961347 0.317705691623149 0.48573070575675126 0.38713391927654084 
0.3047027882420627 0.5995529248820356 0.5547362855696422 0.3551510184147202 0.39024984374323135 
0.5762137484643941 0.23327812803471232 0.28679080732100215 0.6336807264298062 0.3939318696822547 
0.5377111565286317 0.21124326136242258 0.6092832544437891 0.44022583566061146 0.38725168874998755 
0.5621386747617306 0.26743614954430794 0.2586822339310417 0.6436435454680104 0.3988958522596862 
0.6446533343817574 0.3529817468526952 0.31343587492509123 0.4843264393489716 0.38647944113650406 
0.6194926705043224 0.2960455484207245 0.5524578881955251 0.3575535159262903 0.3903282508929597 
0.5638967774901492 0.5912289434625813 0.3324473766647745 0.35659776341451394 0.39221667813352334 
0.05462851960022447 0.11873371780120683 0.30956540494882356 0.8048784559417982 0.4995781362146664 
0.12293758413220503 0.18568141874782246 0.5363503772480605 0.6282411132156273 0.5270526605368383 
0.1248681139580686 0.29181476885151847 0.13257996613933015 0.7976128706017421 0.5050484923755274 
0.13609553247456319 0.33608197524375477 0.3679739223816286 0.6994520564731945 0.5201915770405426 
0.13003158889005978 0.31332684371116204 0.6509242901468216 0.49323963566929824 0.5042638432284835 
0.12621247671525218 0.2900091549570182 0.742917771514089 0.3358475795153229 0.5004929714370211 
0.21978581733247116 0.5399744510137725 0.23495133368348559 0.6181789246884749 0.5127683723308839 
0.24840954153997047 0.598272496146352 0.32799847992404146 0.5004452203465627 0.5022266248614753 
0.21395139194972565 0.5272406998104072 0.5719461370485425 0.33551483004268245 0.5278390097464999 
0.29497447404881477 0.11706101262688302 0.13161351759891673 0.79225647240953 0.5149538456904911 
0.33471743630692785 0.14016979564600884 0.36305678276460956 0.6921945055312304 0.5273108671335834 
0.29757187411534786 0.11876437303293474 0.6518192375325871 0.48672722134113056 0.5081466273168489 
0.29040337335407623 0.12410578303081109 0.7630762661959255 0.3352756848089587 0.5049538482670229 
0.3679819543870004 0.2858573466620875 0.19379938320517573 0.6968202807350856 0.5289460457417393 
0.4332713338235985 0.3579452650741017 0.3554638735310995 0.5377176030308269 0.5656570962774973 
0.3589799879076545 0.25765843525103177 0.6648259525191716 0.3336600008800017 0.5255107696422866 
0.2792754566148384 0.6095837078256964 0.27619732616285136 0.4834065622402351 0.5114098347519908 
0.3396700791481853 0.6409088980907565 0.3337845156994437 0.3368784778923393 0.5168375650100336 
0.520046751464331 0.21306887389642046 0.22785502271378774 0.639697085318805 0.49521539418493066 
0.5450468374922739 0.21783739865039134 0.4421110128584133 0.48535749268578793 0.5164503478825299 
0.5527557137918161 0.22719242231684156 0.5433815132640892 0.3427112321846209 0.5040516802229745 
0.5904404062067821 0.3157815800576693 0.2754476286242017 0.4834055061908051 0.5114116916174293 
0.6508134737238856 0.3108027675050782 0.3714982819388804 0.33269707515836155 0.5072450041619542 
0.10964616966333585 0.0784356180980027 0.32665079929644514 0.6676667260073086 0.6678382434999688 
0.09843703525669843 0.21476937533594745 0.5621436904562681 0.5104686746917501 0.6136247730381991 
0.11398489709489831 0.27881104454106037 0.12480768253000317 0.6770320273747854 0.6669245267700487 
0.15396706231618787 0.35852006968058286 0.35823874257524757 0.5406016285604026 0.6669675838151748 
0.11370400974797723 0.2636105345266056 0.6694675300687452 0.30771259123263933 0.6255715823703701 
0.247535210287511 0.5563785769269632 0.2536252724124593 0.4636837641336764 0.6111196070157456 
0.2590039302686858 0.6084886184644053 0.3083551980853248 0.30794879551420556 0.6208937020804471 
0.28562294313806774 0.11354571176676821 0.12169281545414501 0.7016587510518532 0.6612432940515279 
0.3592297026988859 0.15259821996705217 0.34126040874815483 0.5374908641952222 0.6715729814176762 
0.3080213856904639 0.12484818362644873 0.6457846345635545 0.3071152619273704 0.6532136563203758 
0.30546626365814206 0.37791600964534716 0.20014077157794047 0.54687052463458 0.6734804271864722 
0.47432591507551963 0.34427763079007684 0.36869679186109405 0.3161966471544621 0.6771530737399066 
0.27832178371705335 0.591765786009287 0.2681962996216341 0.32137505650721215 0.6537501582696315 
0.6225357614845214 0.23753498517066954 0.3830664655435661 0.3305898663804566 0.6158541494103353 
0.621034664284305 0.26640302424399814 0.2761084628264345 0.30881913953500306 0.6299677777960501 
0.15156090292406188 0.1009624663382497 0.17519109468812513 0.6178021673235242 0.7623371286449888 
0.12480771974489341 0.06635358625534087 0.33114827996535723 0.5145467045183814 0.7849707500132395 
0.08895862731913494 0.20373601592226237 0.5419062838027049 0.30569210252499457 0.7634652703240811 
0.10425666342088663 0.25274033310211275 0.11246340681103494 0.5171251379482508 0.8123675818332373 
0.1351499388746637 0.3192626458952433 0.3511305532541523 0.3479024952385714 0.809330682875286 
0.2623513613056521 0.10442382269852936 0.12178795672855511 0.5253423369223297 0.7994646455549174 
0.3164578298661737 0.13676182438774112 0.36211261891118585 0.3424776577725928 0.811831172223093 
0.24997068529565195 0.10739737163683766 0.5542381780243151 0.24566441946524237 0.7815400882784966 
0.4194171940494235 0.3153185482275838 0.21301534494276242 0.35032993391927786 0.7636658334925356 
0.3193589082699362 0.3033583634961047 0.3183749317657416 0.2318652194380679 0.81229317255884 
0.2209606885414387 0.5150117272221365 0.22457936806247597 0.24437348126350825 0.7840436628434663 
0.07159195399457799 0.049887741746582726 0.1692966415732996 0.4545274588297048 0.8756770161611178 
0.054078854835056096 0.12990284599012789 0.3240667123199607 0.3266793611829434 0.8823718707333276 
0.1598990653723696 0.13847686809512616 0.501655055919081 0.23168483345596683 0.8122842999267629 
0.11088221204648101 0.26888480611979576 0.1192427221402236 0.3276979701581759 0.9011825659856048 
0.12355358433072251 0.30347081773571577 0.3351193281617613 0.19098170999539235 0.8711830631987445 
0.19585455939597776 0.45761106136076535 0.21031233136267316 0.2283865637685817 0.8124427022451305 
0.2804278787201673 0.12170210593082574 0.12767360321318713 0.3358494688057757 0.8872259290219466 
0.3097423507991573 0.12721576402564383 0.3187680115452473 0.18588951182875568 0.893058786956324 
0.31839801204973006 0.26544006676529797 0.16712047480143158 0.18478131452831148 0.8972856312373584 
0.4775878128311275 0.19204714817761984 0.21712660170922263 0.23053077032055594 0.8118536002190423 
0.04843909652761937 0.03667475339372047 0.13926072877548912 0.3544291791857943 0.9302403417119085 
0.1126766580952218 0.0844218416656685 0.3273835010722424 0.15200343979180692 0.9244804737948846 
0.12555375163145652 0.3091114494121979 0.13627162043978608 0.16243874216395623 0.9261645760474991 
0.3020547187234738 0.12913577219207956 0.13996847524847947 0.1548382830026833 0.9326957157277979 
0.12895730996883692 0.05460885526972261 0.3309947366572643 0.8526165634509661 0.38936985070874497 
0.08674517307760807 0.19991915608728208 0.5194599766540813 0.7414982735022069 0.3970944673252894 
0.12860752723714802 0.30390016827998617 0.14037622232274322 0.8561322031972544 0.39184629280858907 
0.128707921802634 0.3017454363060804 0.3253687784612222 0.806632839975084 0.3865349337881814 
0.10975742660173314 0.2501723489226013 0.6209389057133007 0.6284402498357136 0.3895321064759319 
0.1248764988577582 0.2958941596939757 0.7606606695352648 0.4300780367036384 0.39387091812090036 
0.24805585199441485 0.5725323009456309 0.27901361118235224 0.6279687462345592 0.39497644345947536 
0.23232672769588625 0.5272819874647835 0.6063372331117093 0.44047172382734484 0.3858442102090208 
0.30508786093792306 0.12510233550901023 0.14312169325973936 0.8575511272572219 0.3886808394721124 
0.2875683688746292 0.12064689908179972 0.337140551852442 0.8146842252518269 0.3852810796790762 
0.2875187425133497 0.1290448451386937 0.7541495791172937 0.4300780367036384 0.39411970492667775 
0.2662004118941181 0.2783220746653566 0.16425747427101983 0.8301621889898301 0.39302821374108843 
0.4434611660506052 0.3701682029564178 0.2619445572146013 0.6825533273128002 0.3909516327031647 
0.3919668526218331 0.32422267687478684 0.6191767505564029 0.4814908484880993 0.4016692980266312 
0.26073242021713566 0.2327995329325483 0.7860357688815353 0.3564015387939388 0.3908560500223413 
0.2565512461180774 0.5784404130913854 0.265562653013681 0.6269141290130614 0.39037782747477195 
0.3452671598556878 0.6395742446104348 0.31189410364017983 0.48406903320949196 0.3961774986168892 
0.3106060561843971 0.5987236967177961 0.5554257660524428 0.35589822614723676 0.3872346202199811 
0.3113822436170412 0.7650402399033561 0.33175515563415525 0.3589181460378963 0.38832487308661423 
0.5896628844384456 0.23456387550357724 0.28603019889655384 0.6347171613319247 0.3939245327306752 
0.5361325427025863 0.2107299138707612 0.6074955561200047 0.4381768660479885 0.3933856372862869 
0.593075411792064 0.2683407536337256 0.26662759861074786 0.6272742884665292 0.39266458879051147 
0.6409951132425162 0.344966392984254 0.31899955656157275 0.48774542977628627 0.39755710801472854 
0.6203069504323466 0.29981735466643916 0.541239694825365 0.3574551011942546 0.3909368091129953 
0.5641334683794255 0.5817920600269546 0.34251081695246105 0.3566538324612215 0.38932875350150614 
0.736499731498437 0.31509550010421206 0.3333158295991881 0.3563758831811475 0.397903344670264 
0.10822590135335923 0.07436303006783687 0.3192705562817759 0.8125196794718877 0.4995781362146664 
0.12291841254609277 0.18649956684498523 0.5363332493243966 0.6321892081270273 0.5275192210664356 
0.12586781481991963 0.29036983496465185 0.1304532931002968 0.7995276476831923 0.5058412340175694 
0.13559451402908526 0.3539806744737593 0.36368007962165877 0.6918898356646779 0.5277674384508945 
0.10850270675288332 0.26121705084621183 0.6637943242032409 0.486764447257737 0.5123763401085389 
0.12621247671525218 0.2900091549570182 0.7417393252297481 0.33603734200939017 0.5002263744069406 
0.21961048610000386 0.5394649054462791 0.23623545996179163 0.6179939008170138 0.5127683723308839 
0.2434882689438182 0.6015023982035542 0.35814166320681656 0.5033242172961183 0.49329407234411343 
0.23204715623571764 0.5339387567507032 0.5829658459043318 0.33603764566085076 0.505566474127946 
0.29507375916846246 0.11710303295192902 0.13124351518399333 0.7940546911099647 0.5148087225846554 
0.3220324638111762 0.14393360048017662 0.36281474152160875 0.690945338162728 0.527822583105827 
0.28985177465371553 0.11802278036557333 0.6497595092601053 0.4923470100089153 0.503595336932759 
0.29065189744239744 0.12401872102261008 0.7559264878586351 0.33665571742458905 0.5053337961057631 
0.37374640997179776 0.2877112035520543 0.19425792289161445 0.6981281449897054 0.5270454046216309 
0.44818849770927177 0.36242449557795275 0.3311645277919509 0.5391547415689014 0.5609508288610353 
0.3422354711607841 0.2559283686300662 0.681205210928361 0.3346329041544089 0.518892803858776 
0.27911350435897125 0.6071267166762231 0.27798859273254567 0.4816047097662484 0.517304940616454 
0.3069552417312001 0.656153265811324 0.3422037289308228 0.33314097451056934 0.5168953524575954 
0.5200765805679863 0.2147678298742817 0.22785502271378774 0.6416321388311185 0.49521506787667013 
0.5487141210712736 0.21857541723778023 0.4436395566103141 0.4903246556707957 0.5042010949549233 
0.5738866364995499 0.2378029204393177 0.5482057995246362 0.3428583108502137 0.4898421314109092 
0.6361539830626679 0.2697985909389008 0.27803258087119803 0.4855717475716499 0.5053999575343607 
0.659624442177568 0.30624118691293134 0.33265974936512493 0.3368807408871545 0.5176982970576466 
0.05179020395086607 0.11433234104895211 0.30703461023185613 0.687099556538192 0.6655976399765329 
0.0982556547156019 0.21439014938782394 0.5612132529552271 0.5115770811521242 0.6153115474306772 
0.11401652315506289 0.27751787922626336 0.12481430762681109 0.6763847658359318 0.6669245267700487 
0.15541143239942828 0.355761000977147 0.3542654127247668 0.5405977948073102 0.6672621718950359 
0.112735447216509 0.2588651082781712 0.6696144767419561 0.31259916602253773 0.6327331947455553 
0.24818018583682416 0.5560186070423374 0.2542969094803835 0.46703404309778485 0.6137344168156492 
0.2599876580964825 0.6085820861268054 0.30803911736120454 0.31552345144987554 0.6253535859314936 
0.2813962764701337 0.11760228239378374 0.12653324431513852 0.7006262813563874 0.6612528452200083 
0.2747808823548519 0.1093131622734394 0.42491536380872524 0.5420453982125976 0.6747145081718381 
0.29528405029570853 0.12221156321905093 0.6343730183106279 0.32878432185359635 0.656890041384168 
0.3060475358332215 0.38176729334360104 0.20011647033960772 0.5468041409656386 0.6735794737732234 
0.47741304797689715 0.34821204525748367 0.3625654070868945 0.3116821235547912 0.6772596100054861 
0.26640711416054724 0.5802853149640675 0.26731627150670195 0.32513355463218274 0.6519455702856092 
0.6136568012699091 0.24225819189814804 0.3766137609102622 0.33032005724149716 0.6143727403241295 
0.591927099963578 0.28721505700500183 0.26734680249045367 0.32019589102905593 0.6569738661627943 
0.11067107148887922 0.047974047517898064 0.23042016566653079 0.6374576179081526 0.7586746779951153 
0.1264972750429142 0.06638909924319666 0.33861538511701983 0.5174563454946275 0.779167744767843 
0.0916478259830015 0.20466522010721494 0.5421198109339497 0.3061841137282998 0.7618394116365677 
0.10422993943199481 0.2560687591283231 0.11269689250982466 0.5170088295175834 0.8145040413808238 
0.1393373436123876 0.3222291686225295 0.3600382220641759 0.3377565692000154 0.8093788136164642 
0.09251439577515462 0.21911248969969105 0.5434186687330674 0.2479490317973357 0.7745518757188128 
0.26211746091443006 0.10490353529842916 0.12206438658974596 0.5306665676570318 0.7988873396841085 
0.31105663971796516 0.13913113849752595 0.36689877051249176 0.3299369414794766 0.8125009617853585 
0.25116032388626236 0.10653466041687226 0.5469874116720084 0.24602050235228912 0.7815301874520627 
0.42333645843359236 0.3217263667712155 0.2120180790187291 0.34977605140621787 0.7655210090805188 
0.35333584369023135 0.29546908771063907 0.32134618894373757 0.23873531980409943 0.8001531105588586 
0.05856594882679035 0.044870775368275086 0.1732156280847519 0.4476563195320229 0.8772817168973848 
0.05355690755275636 0.12868920340890558 0.319652346125797 0.33011874009444026 0.8811083129599487 
0.15407293227629515 0.14505146249944909 0.4997742138168592 0.2318652194380679 0.8122842999267629 
0.12497876206400123 0.2864735035345452 0.13006390954135819 0.3332277062348999 0.8867174135713609 
0.11930992729633974 0.2937255782573265 0.32386874454573006 0.1885963417699941 0.9052191260205449 
0.1959965861913451 0.48370202342740987 0.2105007036825911 0.2306562499262419 0.8120866951804717 
0.2826779684999144 0.12336037453480275 0.1293539508579687 0.3331207696936433 0.886761824047694 
0.3113121499302046 0.12770913760834315 0.3187005394906604 0.18654572782094006 0.8931215364906396 
0.3179476706751794 0.25678541280945416 0.1670703153508817 0.1848745638775924 0.8958831241324 
0.46445577020747186 0.19642460312153553 0.21440791027979972 0.2284908648163937 0.8152751897468271 
0.05403146579899015 0.04102846650675575 0.1387491346576593 0.3543180202051906 0.9290313725611677 
0.11371449540823611 0.08451282745231463 0.328546590725531 0.1509363189154138 0.9244804737948846 
0.1255928637273846 0.309540724028182 0.13632953574010656 0.16287638355783257 0.9259202256609094 
0.2983449144076252 0.13260738255022822 0.14042832875288982 0.15343780446431388 0.9327026624418107 
0.5272371715552281 0.2213439490818403 0.2352576919644232 0.6232253884996636 0.5152226661119421 
0.3016630469045569 0.38047483175899477 0.19985132679166873 0.5460831317519332 0.6746556488077947 
0.09513859245715522 0.049569193527354026 0.24933048974020028 0.2878315003279099 0.9214935939409039 
0.33101184100944697 0.2536311539522733 0.17122671790504482 0.41171243838639476 0.8038899143936344 
0.32775215220542214 0.2498814798507838 0.17870529970774665 0.1833376346419843 0.8840131277453697 
0.42837115484951954 0.4492802143973253 0.2653080635582247 0.6581605675216673 0.3916925870726737 
0.10696131149406536 0.25326746765853014 0.6259027386724669 0.6352532158274106 0.39041443367518935 
0.18926199382994785 0.13636556267132363 0.5420215600235878 0.3060867134637502 0.7634950180896234 
0.12490621884837604 0.06578849337858156 0.33092191655841724 0.5155395057665404 0.7850371938282639 
0.12979590295269278 0.30147512462605536 0.32482976981654793 0.805315974608194 0.39015083873738055 
0.12415685498127702 0.06309761658192399 0.31575568217260813 0.6731557618780027 0.6607549089465857 
0.19917548267613064 0.48922922525910334 0.2128703685348319 0.23115293686995134 0.8071136745001655 
0.24625394425220065 0.530615370177488 0.5736737208440668 0.4364667547319667 0.39039259902596135 
0.26253116724827036 0.603942367934792 0.31768984015634344 0.3089624852939054 0.6290641137938079 
0.30353354837156976 0.12454328644210147 0.306546304831157 0.18079051576096625 0.9078888071950099 
0.15779639787154282 0.359519258181179 0.35305250432330054 0.539250036168093 0.6691129838702247 
0.08258189477636535 0.19991912742708146 0.0887395475009503 0.5460253604155734 0.8117959213064249 
0.44275533115943516 0.36290235376803387 0.33493705191408213 0.5424397066262113 0.5656638142378043 
0.13438920595692808 0.3238731798361907 0.6695924815681435 0.4551569654906373 0.5063564027228137 
0.5499583284007655 0.21908142065263628 0.44509341195867796 0.4917057632647293 0.5003062096786782 
0.39193646901022483 0.47870700725973836 0.2702864426453981 0.2877684455591933 0.697451189299552 
0.21600852529063408 0.1703907330854672 0.546871815866812 0.24661777684362693 0.7822923902188972 
0.11048276416470426 0.04398945052358002 0.22695966214436541 0.6272894116531937 0.76738208912783 
0.2951451347531007 0.12672889311579605 0.7676960531151075 0.4399280282417518 0.3905621000611908 
0.22039624870275992 0.5361621328411118 0.2361640972749444 0.6180306309566532 0.5131323818056399 
0.3732791733805668 0.27881517567781516 0.19391804423717457 0.6987932392927636 0.5284434264851344 
0.5904142170999844 0.2351636082858189 0.28341683106838095 0.6347961362245274 0.3950350501498287 
0.12879032702641766 0.2997069577525096 0.14765084409284907 0.851137841528916 0.3925707011196093 
0.2080749360354414 0.10977298517408594 0.5594147095428639 0.5218503618849619 0.613617539422034 
0.30718038022731964 0.3320706505257221 0.6277857165591477 0.3552176471660581 0.5744220898374123 
0.4483560082107172 0.18445951348579526 0.22384438421507488 0.29476999527927594 0.8312238274229496 
0.32269431731902903 0.3183661629895899 0.6286566591437882 0.4500054364731223 0.5076277417286262 
0.28103415653238784 0.15794609614209312 0.3580936975778553 0.5840811547813135 0.683548422358286 
0.4371991072927755 0.19915092337752624 0.22722595221617564 0.532766065266724 0.6836633135509433 
0.22907183000929135 0.5782830265351129 0.2991404855859635 0.6021181673672052 0.46360946227884664 
0.1629885853538073 0.3870925824873664 0.28205110933964866 0.7165275630219207 0.5036511703040448 
0.2836631412338555 0.17381701050511175 0.4175114094531413 0.4087268945813803 0.776217820651236 
0.13973795459361377 0.3307833500331931 0.2380086138726305 0.28781929409949525 0.8603162799089084 
0.2202650249080307 0.2719523920397617 0.48204210763531 0.5644108080451542 0.6138851220122243 
0.3065148659952107 0.1366506876125121 0.6030363096185019 0.3268140979520284 0.6773938312130151 
0.40786522484719007 0.23382465990268606 0.678776149817679 0.4584930805924808 0.4178929997908529 
0.4497022166166308 0.2100243366717913 0.5065711157771531 0.6053972088353098 0.42311642453377757 
0.3164446041948295 0.24651729010099444 0.283372277193373 0.45741843173098357 0.7625104322437128 
0.05554662841005369 0.09705231386141097 0.12160351022487219 0.3741194987484849 0.9180589322576727 
0.516057346361827 0.4095799885821426 0.32693660915462724 0.4081708426519777 0.6132069782746722 
0.24774138220837721 0.2600264789198613 0.19717730806358477 0.6042915476723868 0.7169743553344666 
0.2346999309366109 0.24204427385480193 0.529533192393286 0.5595781657682627 0.5676444430194991 
0.48316186780102194 0.5860298393435176 0.34877687566769866 0.35528264052221314 0.4542455051562682 
0.12096323976684654 0.14536774432831018 0.16147353992786453 0.5543597850029262 0.8315472259788267 
0.20483477021562108 0.4906147899419636 0.36804535497059876 0.6624624039525006 0.431698057823662 
0.26942617968681537 0.13942363871597635 0.14141363557723513 0.7803273807619518 0.5589004909458907 
0.16772168623063882 0.3520422649623809 0.6182744607020235 0.4492666979773245 0.5575882461130499 
0.10814798219728908 0.05129628964755108 0.29229036404440917 0.66993385234051 0.705550943761683 
0.22426092702543604 0.12286943866676786 0.1407582137466895 0.6921287911973186 0.6923129607206623 
0.1657827032907351 0.40380614754239413 0.6181101925760729 0.33165268847053586 0.5960999087830754 
0.12795592766106043 0.2372978179058175 0.5940277802392941 0.4118263596192955 0.6634744794376505 
0.3127771440548248 0.3231875214434398 0.19846191734983343 0.6086654089520009 0.6507245384047748 
0.18686881562864321 0.3370441917876291 0.4184803476800281 0.7028690535985962 0.4597689541520404 
0.24103705524535707 0.12770107263914368 0.2400182356324686 0.8506433294893111 0.4480883980831976 
0.32930700450005723 0.2979889516355042 0.5907000195726672 0.33609499528924897 0.6305392220256228 
0.45254017111260386 0.20183896595386397 0.5463323836327223 0.4844534131746656 0.5137796146605161 
0.0763272047561197 0.1789948992716385 0.1213012822451962 0.5304329564965062 0.8286086181691366 
0.11609063923665552 0.2826833492525669 0.5537174908285691 0.6338775883057614 0.47725047743973636 
0.3837481600248849 0.171941878480534 0.2028759915814597 0.23122341232123544 0.8675202792318635 
0.25398140797547075 0.41248362335222555 0.3499837770085078 0.557307089811405 0.6031479355991558 
0.13858202716442494 0.2920059457903604 0.40660415407600525 0.7719336319100099 0.4246902984049161 
0.15821494021631197 0.3439490138563859 0.177944359897311 0.5845145950344615 0.752636142661633 
0.315604905947947 0.15738105353840448 0.39161582768512326 0.5055154424304127 0.7045516842316241 
0.23431697095750093 0.22695143201437357 0.44767485104971755 0.5074784338572652 0.6956809041127214 
0.218613758833235 0.24781514491929457 0.5025328036105238 0.6009167182018604 0.581948905430954 
0.3544293040392899 0.21066882054613115 0.43489248500530797 0.7176187968883564 0.4190437079139215 
0.3925730556895479 0.20769822510388408 0.5892574226913573 0.344557349137151 0.5952973253285314 
0.14623474323431618 0.14663320916161418 0.11442349165179212 0.32380886947514886 0.9215842446648537 
0.06270069165698551 0.11197025178177376 0.2426313711594403 0.27875675406529016 0.9299345314546855 
0.49674796169519747 0.4912591106171149 0.4384515495750229 0.38866071565847404 0.43814773662833684 
0.46541116923375503 0.654295886640934 0.33468452027396156 0.39570368507409404 0.39024208600609733 
0.20070110015574583 0.10829085332073043 0.5249484440949443 0.6063330494402029 0.5706477759190188 
0.26575615820347165 0.18419582651028937 0.3354002796370387 0.8001692270740479 0.4140022729034177 
0.27763968146129697 0.549007527019805 0.30807250086625587 0.5729905211770376 0.49072841748538243 
0.14274243829176125 0.2664651697903945 0.6763231537949208 0.47817942980958633 0.5164631598442782 
0.3716229055074121 0.4495508363738465 0.28059007207906517 0.6138841933310787 0.4749626442629746 
0.1652202982278875 0.2829174977265184 0.6113006048158507 0.5975270025802237 0.43598096423151483 
0.19856299442734088 0.3963544512232011 0.19805162249488353 0.4813212350619551 0.7957105116786696 
0.2167884107004383 0.2292769784657356 0.30961709861260117 0.7047792008365282 0.5756259470422181 
0.37889692735537983 0.3757213606927628 0.3724353813381306 0.6486712767105807 0.43508723740105026 
0.22552464317624576 0.4714849097389001 0.5041750986296781 0.4219210586117785 0.5663041845943754 
0.2631902746289877 0.46468522723254 0.24819124992382208 0.4813973754787173 0.6825737443284277 
0.1650047798578783 0.2944991841591486 0.35449919848509664 0.28453749409369405 0.8394079026724859 
0.16991379963795158 0.18107059915535037 0.11154257797970295 0.2828191122412546 0.9246381595597968 
0.17779893687218903 0.33900876550012443 0.2451584657638621 0.5784181725439682 0.6964118602959388 
0.15532908050998362 0.25770930072498727 0.14153536465316321 0.7639987907522361 0.6143569237513627 
0.4889990722027428 0.3571963939610712 0.3207865376171655 0.5838730054506827 0.4823404885719906 
0.049226145443919254 0.11825726470063835 0.11150830512373545 0.37684180474143003 0.9159089537444183 
0.46564629380381445 0.20394121914047403 0.37437090688818225 0.6178960867326115 0.5124391883799893 
0.251489965480936 0.28815943692199386 0.4571540180421549 0.41278958208497213 0.7232760360727519 
0.27333450355753247 0.11799866428219982 0.19095213541500256 0.8811408347286415 0.43523003093902346 
0.518832341924568 0.3737459039542884 0.30875952487529973 0.5831905874146788 0.4862863549902943 
0.1014095009860659 0.2411350080729586 0.34630069047539325 0.29422877895945837 0.8610996439170389 
0.3979150172159029 0.2395446953227424 0.6503953379024746 0.36571108662491003 0.5342114224528072 
0.17216802581188176 0.41436768785982403 0.21713410836015906 0.6688677992334034 0.5910983024266069 
0.11740150655874387 0.2854217063254963 0.5598875809314833 0.6467464823501322 0.46212359237220363 
0.3398485750481291 0.19488796533130817 0.5385405853632423 0.5775324746694374 0.5008672298268448 
0.15673054359578806 0.0772482657481722 0.4012695756036011 0.47936775464376524 0.7908230504049578 
0.2777612418324474 0.4581678359491456 0.37303554779860204 0.6622772950330983 0.4529101657947348 
0.426449453105103 0.4991029313438417 0.5141435108618281 0.4056328337473615 0.43114490327015365 
0.18689556901584997 0.33965735014502874 0.4201098197474591 0.6027456586400878 0.5850147521936555 
0.37582856487223865 0.6531456989199741 0.308728703932082 0.5069806284739515 0.3841527715578899 
0.06407316452352195 0.12035132201639871 0.29640409212150176 0.768369454407419 0.5923730223954691 
0.4737378124621181 0.47501560993461583 0.27571250902991523 0.42213298043700803 0.5942244594726174 
0.4537013104493021 0.24806030012416505 0.7124999720683991 0.3622097322825964 0.4109116353567442 
0.20891409798559443 0.222047711922156 0.3634492619847205 0.6697564421409695 0.5915566033735697 
0.146637499769536 0.31856505123795475 0.2441481617823081 0.5714552149231867 0.7209707520087557 
0.30181125791986907 0.721251400937658 0.35634199983401177 0.36945531325224085 0.4560826713034189 
0.39573947113323305 0.3877426252542853 0.5433401925981152 0.4557825095421222 0.474273748569017 
0.24174533026440878 0.1362418405547941 0.379960132326643 0.7578788550757443 0.4777468563452509 
0.19545679002837255 0.09277205666156507 0.2250439008154359 0.6843563209507891 0.6968608460932438 
0.42203356135270725 0.4607155007934991 0.5128243091007628 0.4329661408146056 0.4594742088388814 
0.20066675023507527 0.09976625337117544 0.53441364470743 0.5991414159589397 0.5700250524922814 
0.24138713067131107 0.11099326038329033 0.6545484775768511 0.34434838504997184 0.6732023998571031 
0.09169668825974131 0.23085662612763105 0.2219538334409733 0.7713183543580887 0.585802023651742 
0.08445522109989709 0.14321392068050087 0.33625581946212113 0.8362345847120944 0.4485996267824238 
0.057539002016318105 0.1305804581222574 0.3245937438880603 0.870511467474573 0.43983083977544096 
0.05267214933974548 0.12273398676397664 0.09279672301274419 0.4028858993709265 0.9198019122031281 
0.11805448682153162 0.29202169677852685 0.6557293497609438 0.38945829375781765 0.6253030345934443 
0.3753722151740393 0.4497679863341153 0.24337481923298776 0.6824444567205527 0.4338138058850145 
0.33622942076226414 0.4254207580327803 0.2632742017475505 0.5644108080451542 0.6111603997500745 
0.24985530933590172 0.49383421910907827 0.30718370628853015 0.2645155211340687 0.7635183577314628 
0.22004601577493038 0.4946035514526582 0.2532537447862319 0.5644108080451542 0.6332840155344165 
0.30861306060518506 0.2596042256988049 0.6522397396449454 0.3134210147765672 0.6132069782746722 
0.09398834322325407 0.18223566731938817 0.10018702842712497 0.5290561145905571 0.830041639292029 
0.10898112032294215 0.10724435029344574 0.2989857881791083 0.27380147738854355 0.9177231610273379 
0.5032368044273874 0.43974053896853255 0.2948223040734919 0.30345761124859505 0.6448795309225581 
0.23282668002116946 0.565874017682766 0.2635056698388338 0.6224967255473008 0.45623807162704394 
0.32483311312145907 0.6103874447882477 0.33202842322483206 0.3333641981626361 0.567164377185427 
0.25321684122753496 0.4150689369988895 0.3454637521845265 0.5742663095154094 0.6025233084079255 
0.2821542057209772 0.296999771084907 0.4347805554991247 0.6217092133889262 0.5659046277470207 
0.3603736233577955 0.19660595793551514 0.4169547719481541 0.735516389376032 0.4352447667300391 
0.35317235607535746 0.5195083885433717 0.25799164429070776 0.632785411627029 0.44008331562645586 
0.5165127364331583 0.300094388428158 0.44159532002959645 0.5143233041785295 0.4865198682441728 
0.17823371578073285 0.1355350084176354 0.24551911930237952 0.7870644151022888 0.607912830516016 
0.3833316963065024 0.448130199721929 0.28168288126403157 0.6115362603898771 0.4710840589164489 
0.25575808443315967 0.3888904081143244 0.3625665721593305 0.41483291800215616 0.7164924599407884 
0.11742700392786176 0.2726701518892041 0.6965996669899268 0.3634355980157682 0.5735959188019681 
0.18981297875452932 0.3945378542793366 0.5623135822829307 0.6066161079194017 0.4108595088675809 
0.10789411176513088 0.24877145239386655 0.11090548674449968 0.27051721840826104 0.9269372850471752 
0.25576294731835075 0.10690632287911986 0.18426592053830895 0.4620659187986922 0.8446140105944396 
0.16983637054726639 0.3692138027783848 0.7177042335527022 0.3754730499481669 0.45474951997027135 
0.173009470629066 0.2733159535750765 0.2141078693456417 0.4428372897505768 0.8444764751646378 
0.48309108398754697 0.25060340282433524 0.2587078711496157 0.5970812370222193 0.5734508571633051 
0.1658460899829737 0.09576793822986276 0.4553940839020219 0.6594612137814807 0.6122833970736424 
0.21912423104012346 0.5085240279423091 0.5457241851344988 0.4848693372888252 0.4575266248461313 
0.109796874684634 0.19954544573616242 0.5212955582540936 0.34299808487148337 0.7725288605065834 
0.4477924037486003 0.20634557242781815 0.37879200373512384 0.6224183567416893 0.5111783669906771 
0.08569592617262303 0.08734589353583891 0.30294508277184884 0.7088475913666488 0.6965449108691795 
0.45766985530204995 0.34003602238001923 0.44585423133055335 0.5350423902024503 0.5012966689698116 
0.2801709992138558 0.14078593111702561 0.19343254230644738 0.8529260538942497 0.4625955087484736 
0.14754863464963713 0.1568153746316869 0.30473613496379154 0.17954255900929497 0.9249424206550642 
0.33046457453309014 0.17551217184151754 0.7392620055884971 0.3857667074160354 0.4838049583458558 
0.15285016759037545 0.369586463635716 0.2742118323503554 0.6741094749107895 0.590946372473054 
0.4931316462283226 0.28608865259927035 0.31576973811764003 0.5572972199022462 0.5740406520832939 
0.4865419605673555 0.21641763456546476 0.22206448644157334 0.515599727770041 0.6809789491566588 
0.37218810348545167 0.514883652410259 0.3922636422071754 0.4858590768477106 0.5090947491284631 
0.20256246767265618 0.30641206738056576 0.3990837640104279 0.6572230106127149 0.5571992399881012 
0.406163968223052 0.18555920711009039 0.4716846473096546 0.5892875374111429 0.5201315183627756 
0.28733001405880926 0.5945501896665596 0.47415416247353787 0.4507968428598044 0.41341369950938817 
0.18659060050306853 0.27004912399224706 0.16103968631250037 0.7900367238516492 0.5188371685498723 
0.4583667908611186 0.19597801078772217 0.5936580007880649 0.35323882083121855 0.5679837329819956 
0.3596008516466692 0.6043165654160635 0.28819787464535224 0.36174968727820145 0.5937509306935663 
0.2604787989451325 0.3461769704498692 0.2746734753566619 0.5784542225183608 0.6656713401166546 
0.16217639744920745 0.18320877616012815 0.5486379224284371 0.5647823838263285 0.6110437835453466 
0.30456439761207693 0.17895542299103742 0.39269777075343476 0.6596025375625562 0.5590700191435485 
0.3492613177352538 0.3365169793896111 0.3355599091787267 0.5824434254663036 0.5908263843272156 
0.09352241149801564 0.20674110225988848 0.25047878669707335 0.8532142427101079 0.5092802928604556 
0.4497500973098465 0.34377982568825305 0.5669299655706068 0.44902480255571847 0.46716794358759295 
0.3127648273451332 0.32481738313501785 0.4822059385620672 0.6018288043971256 0.4909330450079421 
0.16316269109543405 0.34058142899270877 0.6346844493333299 0.4553820413204363 0.537950533293019 
0.35158314208130853 0.25926172980622375 0.18400635334737248 0.3706334147739227 0.8121208935561733 
0.42756491506145183 0.2365058104724918 0.6811825838483536 0.384484044073597 0.4617789208139254 
0.09415245456352737 0.23252749495189234 0.596770336400294 0.6053202878985207 0.50769115359837 
0.11753196274798453 0.2754795712126491 0.6677177528437106 0.47608535586730477 0.5182643319898632 
0.06337188473850248 0.10763799242017283 0.22841284478964427 0.5635180153987155 0.8079619798609915 
0.18247005152818943 0.40182552476170125 0.6262902991190092 0.33180389813448136 0.6097703226083887 
0.1970212124771773 0.42130986116290764 0.25915858294403843 0.7301317658346361 0.4805603849574083 
0.25855581406257144 0.4460320210431472 0.2470868844790571 0.779161992190262 0.38413169945383974 
0.15875872391616624 0.37329929069828954 0.5101929263553187 0.6067613435999368 0.509864339257046 
0.35419255463160676 0.15042350264340978 0.2552852668689806 0.5773320360039085 0.6881678558495825 
0.1499307324760488 0.33564066814737353 0.6925150351089917 0.47116996020456603 0.4356302166926661 
0.45625139170122503 0.18707341604235583 0.22622700341963337 0.7531871014237627 0.43091023908180837 
0.20682564466656364 0.4123364695369703 0.24996462394089924 0.4490926718750961 0.747491362183292 
0.18730547200513195 0.362973189334437 0.7337426572887578 0.3564055449954313 0.4478378354346943 
0.3804124625833524 0.6159286329388434 0.32642472374620984 0.4210173538169605 0.49736643721130064 
0.39087429561696124 0.2143505110162017 0.5530069131313226 0.41319458140630533 0.6196020824065136 
0.5505766457223982 0.39786356615291674 0.3363963776201518 0.4921057661561717 0.4852708011703835 
0.2326194651781494 0.22508209058933307 0.236984166333246 0.3594457352997823 0.857828568722431 
0.4936098261747761 0.4551203122713953 0.3769097258757262 0.46605343502454166 0.4737515090161958 
0.05634314095725202 0.13795627247227846 0.2646462853623501 0.6599192789819855 0.7123803858430198 
0.2980523994585187 0.4592454389328691 0.4222549515790438 0.4788564774571487 0.591019085687521 
0.27844810340009474 0.25324349971790777 0.25355070367677024 0.6234047809116121 0.660698891273185 
0.30814038317345044 0.5428838877348233 0.258877692079388 0.6342171256523026 0.44776724659191924 
0.4800165763571562 0.5086097997239991 0.3262085861314339 0.33326077978454777 0.5679390045366715 
0.23283481062172035 0.12011722569674205 0.5305981841944057 0.5739568846428382 0.5852938298662779 
0.1438369810576886 0.3205761409456689 0.5145513947680295 0.542314672037746 0.6014613434762248 
0.33920727195785744 0.24983086045681963 0.3425389006195616 0.25894430772036375 0.8215953449275786 
0.47626513191406994 0.23830395335720808 0.3726124155481583 0.4446149136727609 0.6661712214435015 
0.28278988005066186 0.6651500054869107 0.3116634427273289 0.3340262058943157 0.5417101491054098 
0.1343239242023843 0.24136797560771198 0.1287475325302706 0.24842565127414937 0.9274686229117125 
0.30837996360371855 0.17604593275233843 0.39332255240873226 0.6570567640878023 0.5603875604921884 
0.30943863647648073 0.32426397198271073 0.4833993664483926 0.6074808523729758 0.49080196747250104 
0.33006152061927946 0.5873868369065733 0.4389968908459906 0.48857235575378777 0.39740987591465426 
0.25869999025352364 0.14403533808242594 0.5915595107426193 0.497982917726489 0.6016475895156913 
0.37532710618465476 0.219715910564945 0.24147760083554495 0.6700406317256309 0.5954332822874697 
0.43741584809582695 0.3238646017123166 0.374127232639268 0.6064841124429236 0.4819610870596805 
0.32983645467053385 0.15053955850165018 0.5019785209038296 0.6491435507901436 0.507963767913855 
0.4366099195203442 0.18817750749400253 0.5493915439158346 0.30216685812936683 0.6449306008205072 
0.32389208043121426 0.5003817605473547 0.3449193941708095 0.3421947645422929 0.672974466898189 
0.37257211782839234 0.21143153789652486 0.3373837560880578 0.7314461898938728 0.43789600093240166 
0.39933229701325573 0.2203491055057765 0.637059671872009 0.4786549594603887 0.44386924788128185 
0.19301920001275036 0.09205246195516134 0.48766331143732755 0.32104877877901655 0.8106715907703038 
0.237400760546986 0.1118662205852059 0.636160199046736 0.30689757394108697 0.7212344337417531 
0.5472544720816455 0.3783087677004739 0.3384454906793113 0.5598291088617698 0.4198267861913172 
0.3801226661802548 0.5386824102073101 0.313636129289995 0.2969079355078055 0.6479067235059839 
0.5260611175107118 0.5298267479130149 0.40235860631289766 0.41768910652295377 0.4017756978874558 
0.5595685074392791 0.4261575109758433 0.32517852342612513 0.4766344923448833 0.5038340621790351 
0.26121676411466194 0.2960138959410495 0.6206737154268943 0.4809086563245473 0.5126486350030395 
0.5626171309771223 0.2596766316187836 0.3961340498873249 0.3764925380647928 0.5840789529107717 
0.05778117969197323 0.12682420252503762 0.32435321861825006 0.8719689618909706 0.4140958795708462 
0.3101795549294795 0.1726833795164579 0.5021474004710724 0.658650023481219 0.52337449511583 
0.40681908763047303 0.42345014535005315 0.6201071844625285 0.39165905521494326 0.38586038968325975 
0.3269574011682887 0.3531560597294216 0.20562095319386667 0.3861910547288531 0.7746395326497787 
0.47898151860363175 0.23682996361670772 0.43351097749949397 0.6231116926007226 0.42842296843834865 
0.08484304624810286 0.20486570175916088 0.5268670442463929 0.38344438904299766 0.7279770923067389 
0.10294381075324525 0.23066448556540353 0.1041788187619301 0.6330352920317585 0.7252346523595596 
0.21032117769459774 0.09016218026080534 0.09592356355873465 0.5775566521683718 0.7808579012587198 
0.1178459186696189 0.2836699620144505 0.12985393608239515 0.780918265508594 0.5319391119646149 
0.16711611215069685 0.38886125520670106 0.17602565753049615 0.6328963751574705 0.6258708627916929 
0.041781842483809895 0.09132180019297577 0.23686104005166847 0.6118796766022526 0.7504452103433064 
0.5374596410934109 0.22450741018580128 0.24406481303065503 0.2624967010714067 0.7306379797581473 
0.0714037469202859 0.1679983671405365 0.4184067298032098 0.7286669582692906 0.5145411539012076 
0.4943802202889685 0.21122332939084004 0.22414111591275523 0.24146810802426336 0.7799980166851961 
0.18624117981682806 0.44976761858896774 0.20520926422561483 0.6986510559071635 0.49378216674693004 
0.21293979428732535 0.5097212321144631 0.22893070205934507 0.24807554893942402 0.7636978427040635 
0.1582210364183609 0.06494983980728061 0.3860282455875573 0.48790497342617467 0.7675960214286239 
0.09433710341850117 0.039373367207696464 0.24126476677352407 0.6313371083373454 0.7326262393426639 
0.1829767832517243 0.07622344805818555 0.47455439170067676 0.7695362190640341 0.3848113436356521 
0.0931662086103375 0.2256856693030508 0.10478571073896963 0.6166424347745572 0.742797413323729 
0.23368568233297188 0.10195954805606046 0.10982582861099596 0.6611036343177413 0.6972623067140619 
0.4818395970400335 0.2115719453491115 0.22051551707276015 0.23870808239033828 0.7886439242019851 
0.10900780309977454 0.2642023489255578 0.6783111948944995 0.305704442817585 0.6070811935117403 
0.09399969440706417 0.22654464336890906 0.5884324359226565 0.2656655189109714 0.72506034431855 
0.12678170205079967 0.30435360455361987 0.748970677929858 0.4314746741024687 0.38344314169165705 
0.47976390508193034 0.20858838014565875 0.5733164335735298 0.3219844387973307 0.5447417431392533 
0.04706895960682801 0.10867781667250266 0.28083336013942345 0.7241134261478965 0.6193452389913553 
0.11581820391975048 0.27799469521064774 0.699398381070334 0.3159407615970892 0.5679642739414923 
0.03770190976709831 0.0910155839414994 0.23349150325993245 0.5900758803065412 0.767897228643586 
0.2765624070253488 0.11561771695447977 0.7152899803977687 0.5014177622833512 0.3854666771717381 
0.14414816743093564 0.34505237386862575 0.4660741356867919 0.2480254997302148 0.7635711190040602 
0.26514376328279965 0.11054610635734867 0.11963735170767863 0.6844410732924808 0.6627220784461758 
0.22088652807985543 0.5214684200568206 0.23592220638181227 0.550098693953358 0.5702531747535726 
0.3048991524095827 0.7241570842747683 0.3372513407242476 0.3541281772440447 0.3851521498061444 
0.22657856456454298 0.09422386753948657 0.5815746816909931 0.2624037092349559 0.7337679827866331 
0.4524764830259217 0.19022735316045883 0.2020766535214905 0.69497350526441 0.49206508642807256 
0.21487753915489316 0.09303183640216774 0.09692380336078925 0.5935675112038916 0.7658104829213205 
0.7137890939758272 0.3018103162060884 0.32206407647722235 0.350282873603358 0.41776002494167147 
0.08929233356078424 0.2152470221305439 0.5588414827271382 0.4904701891041985 0.6287776162625658 
0.2082839590969576 0.08657134136530086 0.537642854595 0.7113046176166089 0.40200374506288034 
0.09796812530434977 0.23752533482819413 0.5879234822049089 0.6665643108174675 0.38327996288955946 
0.25524735714610075 0.6080513017329787 0.5353336809013212 0.36785316273349444 0.38426712876078917 
0.10083621921826472 0.2376908995629692 0.6143536149790766 0.2887010180796602 0.6892810109798012 
0.44061912444052853 0.1859073262557604 0.1984455682441334 0.6747636648637466 0.5277953710887668 
0.587844415339828 0.49621053264016995 0.32077141553216265 0.3987854755551743 0.38534633866386475 
0.24035662581653838 0.10073334056487483 0.11223488670850422 0.6603550229544412 0.6959631106373303 
0.48678241220391794 0.41087160747775947 0.27094645201488304 0.29138739878578923 0.6613422202152405 
0.6103822416635832 0.25653943610205626 0.2775238031355594 0.2987859076019252 0.629940219570208 
0.5375289432979091 0.22458342682023044 0.24412629016174062 0.262183209793832 0.7306379797581473 
0.2707516365150258 0.11391822086913506 0.6610184480799776 0.3002955953355694 0.6251007848365712 
0.21050852722237406 0.49912024080772527 0.43029209774064103 0.2865533975275708 0.6670319910204787 
0.08808502055136572 0.2126101211458035 0.5463795526791062 0.24636513773499294 0.7692231779041842 
0.04869866774480429 0.11798382017221173 0.2875071467690534 0.732287896048923 0.6061746108505176 
0.3354702707388574 0.6960288902123009 0.32062465246958 0.35900505772098507 0.41870136464418206 
0.1956497118161317 0.08205710354901785 0.5111640581900478 0.4392754053546783 0.7123126015681477 
0.1086633541962861 0.0475175647040735 0.2827447569367128 0.7150441251735563 0.6290912304752152 
0.12068820128023754 0.2848153664050581 0.7366069171065568 0.3392283762093746 0.5014234234453049 
0.2403897544924941 0.10104577070393471 0.6200044039036067 0.630936189104987 0.3885915935276558 
0.17684079833357946 0.42659725643656643 0.19357529445993335 0.5801553576765516 0.6484051954214366 
0.19613880764290612 0.08207939935459847 0.5107696297144994 0.44021893976041365 0.709261853058689 
0.1382898261077791 0.3349182541667139 0.1471575787176651 0.7263397328461434 0.5726237229378806 
0.3146979247679095 0.13235394759566158 0.14237923997826693 0.5083462045181366 0.7802942212633828 
0.21081806877458603 0.08708060895526365 0.5365761727272093 0.7113046176166089 0.4019718862933804 
0.08483387298967718 0.20216109958001066 0.5224263759560469 0.7275965182399013 0.38873969858425916 
0.3206027303396748 0.7214657838102104 0.32725078051073014 0.35490722115709633 0.38413719866505763 
0.2697591857153431 0.6399717143189092 0.2901637130531363 0.5375504924788168 0.38408711922656447 
0.21790350518105894 0.5240843019606976 0.23596814833967428 0.6881983118568005 0.3889226126673399 
0.18214147333566835 0.07665609409366371 0.47396514484059293 0.7684607459412246 0.3861414103442154 
0.5671711681615311 0.2372901143812541 0.25416368483259616 0.27481940029786467 0.698702295628587 
0.17833999739827336 0.4290043886563227 0.1948135636653872 0.5798918347269973 0.6432123840121033 
0.1937572067271632 0.46935165978362736 0.210451661944498 0.7440873669026815 0.3876501318744767 
0.19378250258650695 0.4680738982899139 0.21157905466224655 0.7432029903683608 0.38595294387471996 
0.49210915627775936 0.2085058487294152 0.22361776279703346 0.5927196314913314 0.5661325961626826 
0.20425889470755723 0.47948969731832775 0.5567533594105765 0.31724861962649115 0.5682811341089578 
0.3321478764303082 0.1399927155153072 0.15288565011303323 0.7625835316858754 0.5174761315100804 
0.2866060514402912 0.12019313734470471 0.7097004687224506 0.3438228083815757 0.5322390087227338 
0.7210085783027135 0.3061802934763116 0.3393010448429923 0.35531486642436616 0.3855733639089888 
0.4832413196614362 0.41388963667897916 0.273468110249615 0.29183098019821 0.6613562213472878 
0.3282810966647334 0.1463581167281204 0.742090076821773 0.3487147270192864 0.45078334849228513 
0.6617446890555536 0.2756957668993761 0.29742671242013247 0.5035060411247613 0.3841595082130229 
0.20239416866322826 0.48179875694983815 0.49448955805016104 0.2973249560020502 0.6299628746570575 
0.2556784953625194 0.6139572107038946 0.27686312240329275 0.2989754096823199 0.6288614948710864 
0.5474795449571281 0.2268392801036825 0.5035830875051287 0.5027249838487567 0.3841899508653423 
0.15433004885160231 0.3715022558981326 0.4969764585234967 0.6681373673393333 0.38489108768096436 
0.13116165383965828 0.30852629525461905 0.7820683810250261 0.36281829614384925 0.38380713319091153 
0.6636722582821141 0.2795354934684708 0.30098230549323823 0.32637464881785455 0.5365665512835291 
0.2722877937600307 0.6485988110201154 0.2913394286084857 0.3159095415692354 0.5691913627828048 
0.23264411400418678 0.5359170525756993 0.24419293954296833 0.26200060643789275 0.7305316910076644 
0.13334804168539294 0.30056843020206825 0.6862647732016429 0.3156790542366654 0.5698654308733035 
0.1264343789178208 0.27903658480390525 0.6794381138112119 0.5538264711297713 0.3830199489230282 
0.23067654035042348 0.5524012607489701 0.24748810786133846 0.4837671060407771 0.5922962609212614 
0.2274502008516862 0.09507561016029274 0.5815749656900542 0.26241076243207134 0.7304326510604889 
0.2053134707100918 0.4775451395752265 0.6420627327701708 0.343256497746139 0.4519663401393996 
0.10411130920497225 0.04453478329000204 0.26247530796356283 0.687953595863483 0.6693464704109713 
0.552241778551856 0.23489465089004263 0.6036623252434448 0.35634084643395686 0.38768537023199545 
0.2254422075857793 0.09692810768019297 0.581744986995213 0.2623889824938451 0.7304117596165823 
0.106190355781454 0.2450680369734165 0.11685818572496842 0.6569502809776627 0.6971918599471071 
0.3183856788877675 0.13451916718557275 0.7666807676746622 0.39628116830347193 0.3836539932168934 
0.12874272890772936 0.30916707606846777 0.42704154159587737 0.4293248432490088 0.7251417507620171 
0.21971863883339732 0.5301237806367793 0.4424126905040763 0.3005592980042084 0.6257659326023304 
0.2815074632879066 0.11797963577912525 0.13182784039425618 0.7735572833393781 0.5402663945795532 
0.408947048347523 0.17779912468736278 0.4872830923461329 0.27440674287669115 0.6999593900184357 
0.3541227615802063 0.15700468747527677 0.4500345308539212 0.24648723005852138 0.7669479323036883 
0.17102678095033882 0.405589962762135 0.5474908337070233 0.5176207162585323 0.4915883497282862 
0.0661985454988944 0.16023341915350875 0.40948309605866184 0.46209602982336373 0.7688266505314356 
0.2532291497381943 0.10506527981262637 0.6348235463925062 0.2870608883047504 0.6649218957599943 
0.10340427826718337 0.04302522450557053 0.2635388910620071 0.6869805775473646 0.6707226214656554 
0.04918719112157814 0.11838385181033777 0.3015044361916382 0.7429724451202604 0.5853377763252643 
0.5347849690315818 0.23036982397011277 0.24201998335832298 0.6686263152715998 0.39650415430258645 
0.10056786300017191 0.2374291954052805 0.614688310452758 0.28775212461118216 0.688555804381613 
0.1015878537985201 0.23973542807587833 0.5883781567716299 0.5753950698763829 0.5131069670968603 
0.23274871656032775 0.551883367540514 0.5764233942932877 0.34390831240688846 0.44116871510945693 
0.09525970567861826 0.039895314380578514 0.23961121607132102 0.6283644616636924 0.7334462816093947 
0.20219202627557442 0.08589471183553388 0.5255217997535441 0.5923603516833706 0.5746094904357512 
0.2689370364088547 0.6410692288633744 0.290461794899605 0.5364857589256116 0.3840378558594654 
0.2656264830438566 0.6391099940585131 0.28620642150432574 0.550896416957884 0.3837321065628195 
0.5583817618792257 0.23180996883857177 0.4849368444624015 0.32205297603272587 0.5452858930627338 
0.24277670087355593 0.10176408151105655 0.6229028887209912 0.6287389620635517 0.38885713743276734 
0.6462668955547672 0.2961481206766599 0.3085921927966301 0.5070716463037883 0.38396415520766514 
0.587844415339828 0.4963737803178339 0.3207269228265574 0.3987854755551743 0.38534633866386475 
0.21888863931570174 0.5208043729474787 0.23493509527840717 0.5500968046593591 0.5702550571356904 
0.5673559133994306 0.2396437874432294 0.5931161209418347 0.3538121602396511 0.3836438459131192 
0.23345008292903954 0.5453065672471921 0.588939040278736 0.3958135166194358 0.3832943634167797 
0.23441775820905333 0.5645316287675987 0.25820084085385614 0.2760383635206647 0.697902425963854 
0.1784416897565414 0.42395340450951075 0.5495799549723991 0.5341606275900252 0.45196885759830024 
0.2358256228701075 0.4844802010049732 0.4715678491751413 0.5873584303986661 0.3842806831356465 
0.4864694168882736 0.21333420517995327 0.672356449194266 0.3612965273022565 0.3836539932168934 
0.6056640934954038 0.26855261982796275 0.28019672562605824 0.2990505985965513 0.6302972904126629 
0.2757482957346468 0.11978423860156256 0.7193962896067935 0.3355201518734824 0.5359118000175302 
0.4759478968623005 0.20099759520849944 0.21814579256710828 0.7351605867364412 0.3836295414666583 
0.18624100170398783 0.4493220594994782 0.20493266867944743 0.6995597816441359 0.49101611237435705 
0.05210544519153596 0.11389655402518911 0.29536522727838044 0.7166913837112685 0.6225358382207978 
0.03942017162382009 0.09100897316873274 0.23637665938947025 0.6138328488436566 0.7473121947006867 
0.18723323176436843 0.08150592280783471 0.4906955694985945 0.5506223782340643 0.6503035964452227 
0.4679152223297177 0.19850622166885165 0.5561715388665035 0.3127849256863985 0.5801956434689876 
0.4071411069974664 0.1767876501474773 0.5114843591102297 0.2812328661212377 0.6812776510375645 
0.07476872053220858 0.1794359053618997 0.46493221507303034 0.6204425605246008 0.6022731305545325 
0.2832245795691989 0.11940658802875825 0.12801469928952855 0.7833047319830705 0.5329094023164258 
0.5030095604908884 0.21766508533995188 0.22821889847387059 0.2592160939972618 0.7663081219390564 
0.5328990779015559 0.22382744297113868 0.25002683987649754 0.6767715156433542 0.3854813571719118 
0.14154818128980604 0.05918520568868295 0.3502517987168063 0.7676905916335927 0.5163860096196824 
0.606884404260339 0.25689403466363464 0.27621738668995216 0.30657111433978784 0.629940219570208 
0.26723227066606176 0.5840680617768658 0.2674003281700757 0.6025300870532406 0.3952921971941111 
0.5092986335401104 0.2110196380014064 0.47180303880502683 0.4675062569844784 0.5131805615498934 
0.10921584629790529 0.25773659631422474 0.6273496599644222 0.6184305381971786 0.38579290908486485 
0.25550398327850576 0.5886849844618374 0.2674886990083058 0.602631171193847 0.39501657079879865 
0.21791063337007124 0.524717226647809 0.23594929218628993 0.6881999344532864 0.38891276144525383 
0.6836977609404806 0.287954585328055 0.30776811095191503 0.353890064216585 0.49021510990754374 
0.21735557239554487 0.09108299736200681 0.5374052694528771 0.6114773377794371 0.5322354100780378 
0.20747056372057232 0.4791585983727535 0.2173990329929257 0.2515294809809604 0.7876136756521502 
0.05102336806716282 0.12297944454237901 0.31329165176122553 0.7379424327347655 0.5861753682827588 
0.08161590938440444 0.18122260342909316 0.47095363098064424 0.45145743649190473 0.7402122848333369 
0.2516179316071036 0.5649787038847226 0.2569863269743052 0.27853846410920696 0.6893504947045286 
0.23935081837276367 0.10080895567315287 0.6234211596977346 0.42974273623162035 0.6044572675224665 
0.09691120485057261 0.04109176350057136 0.24910054984333568 0.6495149291427349 0.7133861149689084 
0.03776307274798296 0.09070291040261434 0.23349435467144344 0.5902606104066375 0.7679935453661854 
0.08662796584722295 0.19472577747839676 0.4866848714463171 0.6588480385693912 0.5366537664275373 
0.040396304822655424 0.09625079495452137 0.2399254187200437 0.6282484532049897 0.7337467376125416 
0.2799009377065996 0.6738857364843998 0.30841834611044944 0.3301553268927644 0.5149754706158194 
0.6013238423661511 0.24895134794859897 0.5531185439581846 0.35961018469184436 0.3843659008611858 
0.6627929161695314 0.27597453562654295 0.2977923644376495 0.3328709689119647 0.5367164752325532 
0.4945001589951399 0.20670736520451752 0.22158502122645152 0.7189369000067094 0.38712802882745523 
0.11993530543916908 0.05242781980068459 0.3131335890243669 0.7751672715488516 0.5359591807788177 
0.15634564828084907 0.3687602907738413 0.1654320258379219 0.5376175258037519 0.7257341871953128 
0.11326630955241929 0.27615246846551145 0.6810383447251189 0.551284204644799 0.3861157049917504 
0.3205944394087183 0.7199778546121213 0.3272514956487092 0.35490722115709633 0.384079051062653 
0.4398033036935791 0.19082767235831394 0.19923431802275113 0.4807261571165865 0.7083385669750155 
0.4906012547756641 0.2074092998311674 0.22291141007546098 0.5912104764066513 0.570265248854631 
0.3617808668436539 0.1545021543108218 0.16323733427016043 0.4800678601178492 0.7691451383478644 
0.2083662905978083 0.48564518347953484 0.664021735582679 0.3663230629327436 0.38384167696613614 
0.2041048449324559 0.4830851213182366 0.6364344887698021 0.34327197430283085 0.45198608806647117 
0.4471300990090909 0.19044337642823475 0.199389823620496 0.48089993904825473 0.7083363177213987 
0.08923824723770743 0.21584227029053832 0.5587923375133892 0.6292302983043583 0.4901170291303058 
0.27015633000410005 0.11226559424288596 0.12028635731834947 0.7323688915576667 0.6060820937292124 
0.48692286024183973 0.20328148023477405 0.5307718020032662 0.5424840247270436 0.3834960441446014 
0.2656261417014055 0.1107818706572834 0.6893055698684281 0.5472389251311399 0.38312650830802514 
0.2412280188546986 0.5147712836668499 0.2391713047348954 0.6864901707360621 0.38781195300246196 
0.36195256714966484 0.1587034206957142 0.5045570386730674 0.670945449475234 0.3836694065879825 
0.21464170135847901 0.09283813816552412 0.09762339334814532 0.5935339917234802 0.7658104829213205 
0.2677204729152672 0.11193695055767144 0.6846927362127292 0.4805262616769107 0.46812610638224966 
0.19843387920398417 0.08454706646630054 0.5147830587229483 0.5428846182175262 0.6305326313827013 
0.11646914618839654 0.2737637970522883 0.7132706503160711 0.5049980826620817 0.39202317757181665 
0.10457510268622569 0.24397714815400498 0.1098035696939895 0.6672877853472614 0.6879113522047728 
0.19418594563006422 0.43559036861466754 0.19739797999560144 0.45841992222854205 0.7275066802170405 
0.5606684216132569 0.25153175039894876 0.5924705988868973 0.3534800981326255 0.3860362171541707 
0.31066832374834347 0.6963003881864236 0.3294958387275799 0.3456869556500464 0.4409942734036113 
0.28493740141488744 0.12027852625156701 0.7102047191949526 0.34296643874027616 0.5322390087227338 
0.12664676061938854 0.30298262860470193 0.7644767427273224 0.39766547174796263 0.3915606729447081 
0.15335394473773423 0.0648760860529 0.3816983326508092 0.5351025015882279 0.739893670567519 
0.4505684757676888 0.1877447430638583 0.2042745750559208 0.5560311626357757 0.6454229021348986 
0.20215921362079178 0.08595766605290833 0.5250109656205373 0.592368109030797 0.5746094904357512 
0.1380357057200206 0.3349182541667139 0.14710587437386563 0.7270569837904657 0.5700844596289402 
0.21075589496832298 0.08708060895526365 0.5368137350674935 0.710623915179386 0.40433548870867436 
0.23537728453259846 0.5638991200592653 0.2583110252250229 0.27600594217257113 0.6974876170456296 
0.08419130737657027 0.20065060228833798 0.5184376145895295 0.7221215377895974 0.40538116745614533 
0.08954237340936691 0.21609871203013503 0.5554448274958168 0.25042513891884327 0.7591318554601456 
0.4003480795587039 0.17028155041769794 0.44910754319860546 0.6834113136839218 0.3876770540234278 
0.2749509246589385 0.648786904014287 0.29146600342074513 0.3157451076871147 0.5690787839114516 
0.23365396542481162 0.5516514165814863 0.5763041532774599 0.34432172293474106 0.44101813187974215 
0.2111145973000688 0.47523483441684206 0.21573592926307092 0.4377053332221353 0.7032497681578144 
0.1502710843778749 0.358059801868951 0.16094748711813886 0.5372982446569174 0.7361265814527507 
0.5108239705998304 0.21513990331077074 0.22779943941825181 0.632138387375052 0.4973843179143147 
0.1947443806276171 0.468318436601405 0.2111571679875447 0.7436720921560483 0.3845449994384669 
0.562434168009648 0.42924236212604594 0.29419300343792565 0.5191204668676815 0.38534633866386475 
0.6446896506532939 0.26856957111220603 0.290680727521546 0.5320595829372848 0.385866120571769 
0.0814843364912513 0.19418103614531423 0.5047609698816315 0.5375693578113608 0.6426560680004354 
0.09436786499235476 0.21760033772591747 0.09851447551222274 0.5916726888165093 0.7658314406096698 
0.1562044567036153 0.06868788342397877 0.4082686239907237 0.577701219252633 0.6882424685523714 
0.5879127357203745 0.4977136070993624 0.32087127338306637 0.39853136846578135 0.384992502122522 
0.08500825395772625 0.20224811732846634 0.52335744321897 0.7295635042756488 0.38450786082821325 
0.44004808801635487 0.1905156333867622 0.19944814806446054 0.4802333948275029 0.708015566660774 
0.5602407026202685 0.25796463452248614 0.26602385286144875 0.6332294835201091 0.38708169238875584 
0.7241908843928561 0.3036218347511401 0.32521355987278083 0.351729942676188 0.39892008997183126 
0.07631048407186049 0.1772819564651798 0.4630776108243017 0.6203540171815908 0.6061845236872513 
